Generation:  1
Intial popln: 
[0.0, -1.312191198e-12, -2.060820702e-13, 4.62010753e-11, -1.75214813e-10, -1.8366977e-15, 8.5294406e-16, 2.064809727e-05, -2.04721003e-06, -1.59792834e-08, 9.98214034e-10]
[0.0, -1.45799022e-12, -2.060820702e-13, 4.62010753e-11, -1.75214813e-10, -2.02036747e-15, 7.67649654e-16, 2.064809727e-05, -2.04721003e-06, -1.59792834e-08, 9.98214034e-10]
[0.0, -1.603789242e-12, -2.060820702e-13, 4.62010753e-11, -1.75214813e-10, -2.02036747e-15, 8.5294406e-16, 2.29423303e-05, -2.251931033e-06, -1.59792834e-08, 9.98214034e-10]
[0.0, -1.603789242e-12, -2.28980078e-13, 4.62010753e-11, -1.5769333169999998e-10, -1.8366977e-15, 8.5294406e-16, 2.29423303e-05, -2.251931033e-06, -1.757721174e-08, 9.98214034e-10]
[0.0, -1.45799022e-12, -2.28980078e-13, 4.62010753e-11, -1.75214813e-10, -1.8366977e-15, 9.38238466e-16, 2.5236563329999998e-05, -1.8424890269999998e-06, -1.59792834e-08, 9.98214034e-10]
[0.0, -1.45799022e-12, -2.28980078e-13, 4.1580967770000004e-11, -1.75214813e-10, -1.65302793e-15, 8.5294406e-16, 2.29423303e-05, -2.04721003e-06, -1.757721174e-08, 8.983926306e-10]

After Selection:
[0.0, -1.312191198e-12, -2.060820702e-13, 4.62010753e-11, -1.75214813e-10, -1.8366977e-15, 8.5294406e-16, 2.064809727e-05, -2.04721003e-06, -1.59792834e-08, 9.98214034e-10]
[0.0, -1.45799022e-12, -2.060820702e-13, 4.62010753e-11, -1.75214813e-10, -2.02036747e-15, 7.67649654e-16, 2.064809727e-05, -2.04721003e-06, -1.59792834e-08, 9.98214034e-10]
[0.0, -1.603789242e-12, -2.060820702e-13, 4.62010753e-11, -1.75214813e-10, -2.02036747e-15, 8.5294406e-16, 2.29423303e-05, -2.251931033e-06, -1.59792834e-08, 9.98214034e-10]

After CrossOver:
[0.0, -1.312191198e-12, -2.060820702e-13, 4.62010753e-11, -1.75214813e-10, -1.8366977e-15, 8.5294406e-16, 2.064809727e-05, -2.04721003e-06, -1.59792834e-08, 9.98214034e-10]
[0.0, -1.45799022e-12, -2.060820702e-13, 4.62010753e-11, -1.75214813e-10, -2.02036747e-15, 7.67649654e-16, 2.064809727e-05, -2.04721003e-06, -1.59792834e-08, 9.98214034e-10]
[0.0, -1.603789242e-12, -2.060820702e-13, 4.62010753e-11, -1.75214813e-10, -2.02036747e-15, 8.5294406e-16, 2.064809727e-05, -2.04721003e-06, -1.59792834e-08, 9.98214034e-10]
[0.0, -1.312191198e-12, -2.060820702e-13, 4.62010753e-11, -1.75214813e-10, -1.8366977e-15, 7.67649654e-16, 2.064809727e-05, -2.04721003e-06, -1.59792834e-08, 9.98214034e-10]
[0.0, -1.45799022e-12, -2.060820702e-13, 4.62010753e-11, -1.75214813e-10, -2.02036747e-15, 8.5294406e-16, 2.29423303e-05, -2.251931033e-06, -1.59792834e-08, 9.98214034e-10]
[0.0, -1.603789242e-12, -2.060820702e-13, 4.62010753e-11, -1.75214813e-10, -2.02036747e-15, 8.5294406e-16, 2.064809727e-05, -2.04721003e-06, -1.59792834e-08, 9.98214034e-10]

After Mutation:
[0.0, -1.312191198e-12, -2.2669027722000001e-13, 4.62010753e-11, -1.75214813e-10, -1.8366977e-15, 8.5294406e-16, 1.8583287543e-05, -2.04721003e-06, -1.59792834e-08, 9.98214034e-10]
[0.0, -1.45799022e-12, -1.8547386318e-13, 4.62010753e-11, -1.75214813e-10, -2.02036747e-15, 7.67649654e-16, 2.064809727e-05, -2.04721003e-06, -1.59792834e-08, 1.0980354374e-09]
[0.0, -1.603789242e-12, -2.060820702e-13, 5.082118283e-11, -1.927362943e-10, -2.02036747e-15, 9.38238466e-16, 2.064809727e-05, -2.04721003e-06, -1.59792834e-08, 9.98214034e-10]
[0.0, -1.312191198e-12, -2.2669027722000001e-13, 4.62010753e-11, -1.75214813e-10, -2.02036747e-15, 7.67649654e-16, 2.064809727e-05, -2.04721003e-06, -1.59792834e-08, 9.98214034e-10]
[0.0, -1.45799022e-12, -2.060820702e-13, 4.62010753e-11, -1.927362943e-10, -2.02036747e-15, 8.5294406e-16, 2.5236563329999998e-05, -2.251931033e-06, -1.59792834e-08, 9.98214034e-10]
[0.0, -1.7641681662e-12, -2.060820702e-13, 4.62010753e-11, -1.5769333169999998e-10, -2.02036747e-15, 8.5294406e-16, 2.064809727e-05, -1.8424890269999998e-06, -1.59792834e-08, 9.98214034e-10]
Min of Generation: 1 :  603241171207.7455
Best vector of this gen  [ 0.00000000e+00 -1.31219120e-12 -2.26690277e-13  4.62010753e-11
 -1.75214813e-10 -2.02036747e-15  7.67649654e-16  2.06480973e-05
 -2.04721003e-06 -1.59792834e-08  9.98214034e-10]

