Generation:  1
Intial popln: 
[0.0, -1.603789242e-12, -2.060820702e-13, 4.62010753e-11, -1.927362943e-10, -2.02036747e-15, 8.5294406e-16, 2.29423303e-05, -2.04721003e-06, -1.59792834e-08, 9.98214034e-10]
[0.0, -1.45799022e-12, -2.28980078e-13, 4.62010753e-11, -1.75214813e-10, -1.8366977e-15, 8.5294406e-16, 2.29423303e-05, -2.04721003e-06, -1.59792834e-08, 9.98214034e-10]
[0.0, -1.45799022e-12, -2.518780858e-13, 4.62010753e-11, -1.75214813e-10, -1.8366977e-15, 7.67649654e-16, 2.29423303e-05, -2.04721003e-06, -1.59792834e-08, 9.98214034e-10]
[0.0, -1.45799022e-12, -2.28980078e-13, 4.62010753e-11, -1.927362943e-10, -1.65302793e-15, 9.38238466e-16, 2.29423303e-05, -2.04721003e-06, -1.59792834e-08, 9.98214034e-10]
[0.0, -1.603789242e-12, -2.28980078e-13, 4.62010753e-11, -1.75214813e-10, -1.65302793e-15, 7.67649654e-16, 2.29423303e-05, -2.04721003e-06, -1.59792834e-08, 9.98214034e-10]
[0.0, -1.45799022e-12, -2.28980078e-13, 4.62010753e-11, -1.75214813e-10, -1.8366977e-15, 7.67649654e-16, 2.5236563329999998e-05, -2.04721003e-06, -1.4381355060000001e-08, 8.983926306e-10]
[0.0, -1.603789242e-12, -2.28980078e-13, 4.62010753e-11, -1.75214813e-10, -1.8366977e-15, 7.67649654e-16, 2.29423303e-05, -2.251931033e-06, -1.4381355060000001e-08, 9.98214034e-10]
[0.0, -1.45799022e-12, -2.28980078e-13, 4.1580967770000004e-11, -1.75214813e-10, -1.8366977e-15, 8.5294406e-16, 2.29423303e-05, -1.8424890269999998e-06, -1.59792834e-08, 9.98214034e-10]
[2.395255427596485, -0.5841573572527305, -6.087002974489593, -7.0601866709428975, 1.4153336297357466, -7.009586807825832, -0.26631848726603025, -7.834970143258859, -2.455769111257193, -9.29444387248479, 0.8348855564389659]
[9.702443990246405, -6.810296725719403, 8.200325223662364, -4.112035465570225, 4.919591126015422, 7.848084910653835, 6.012362649368338, -7.379781454330883, 1.4461935838602145, 5.618300688737946, -8.795556639630673]

After Selection:
[0.0, -1.603789242e-12, -2.060820702e-13, 4.62010753e-11, -1.927362943e-10, -2.02036747e-15, 8.5294406e-16, 2.29423303e-05, -2.04721003e-06, -1.59792834e-08, 9.98214034e-10]
[0.0, -1.45799022e-12, -2.28980078e-13, 4.62010753e-11, -1.75214813e-10, -1.8366977e-15, 8.5294406e-16, 2.29423303e-05, -2.04721003e-06, -1.59792834e-08, 9.98214034e-10]
[0.0, -1.45799022e-12, -2.518780858e-13, 4.62010753e-11, -1.75214813e-10, -1.8366977e-15, 7.67649654e-16, 2.29423303e-05, -2.04721003e-06, -1.59792834e-08, 9.98214034e-10]
[0.0, -1.45799022e-12, -2.28980078e-13, 4.62010753e-11, -1.927362943e-10, -1.65302793e-15, 9.38238466e-16, 2.29423303e-05, -2.04721003e-06, -1.59792834e-08, 9.98214034e-10]
[0.0, -1.603789242e-12, -2.28980078e-13, 4.62010753e-11, -1.75214813e-10, -1.65302793e-15, 7.67649654e-16, 2.29423303e-05, -2.04721003e-06, -1.59792834e-08, 9.98214034e-10]

After CrossOver:
[0.0, -1.603789242e-12, -2.060820702e-13, 4.62010753e-11, -1.927362943e-10, -2.02036747e-15, 8.5294406e-16, 2.29423303e-05, -2.04721003e-06, -1.59792834e-08, 9.98214034e-10]
[0.0, -1.45799022e-12, -2.28980078e-13, 4.62010753e-11, -1.75214813e-10, -1.8366977e-15, 8.5294406e-16, 2.29423303e-05, -2.04721003e-06, -1.59792834e-08, 9.98214034e-10]
[0.0, -1.45799022e-12, -2.518780858e-13, 4.62010753e-11, -1.75214813e-10, -1.8366977e-15, 9.38238466e-16, 2.29423303e-05, -2.04721003e-06, -1.59792834e-08, 9.98214034e-10]
[0.0, -1.45799022e-12, -2.28980078e-13, 4.62010753e-11, -1.927362943e-10, -1.65302793e-15, 7.67649654e-16, 2.29423303e-05, -2.04721003e-06, -1.59792834e-08, 9.98214034e-10]
[0.0, -1.603789242e-12, -2.28980078e-13, 4.62010753e-11, -1.75214813e-10, -1.65302793e-15, 8.5294406e-16, 2.29423303e-05, -2.04721003e-06, -1.59792834e-08, 9.98214034e-10]
[0.0, -1.603789242e-12, -2.060820702e-13, 4.62010753e-11, -1.927362943e-10, -2.02036747e-15, 8.5294406e-16, 2.29423303e-05, -2.04721003e-06, -1.59792834e-08, 9.98214034e-10]
[0.0, -1.45799022e-12, -2.28980078e-13, 4.62010753e-11, -1.75214813e-10, -1.8366977e-15, 7.67649654e-16, 2.29423303e-05, -2.04721003e-06, -1.59792834e-08, 9.98214034e-10]
[0.0, -1.45799022e-12, -2.518780858e-13, 4.62010753e-11, -1.75214813e-10, -1.8366977e-15, 9.38238466e-16, 2.29423303e-05, -2.04721003e-06, -1.59792834e-08, 9.98214034e-10]
[0.0, -1.45799022e-12, -2.28980078e-13, 4.62010753e-11, -1.927362943e-10, -1.65302793e-15, 7.67649654e-16, 2.29423303e-05, -2.04721003e-06, -1.59792834e-08, 9.98214034e-10]
[0.0, -1.603789242e-12, -2.28980078e-13, 4.62010753e-11, -1.75214813e-10, -1.65302793e-15, 8.5294406e-16, 2.29423303e-05, -2.04721003e-06, -1.59792834e-08, 9.98214034e-10]

After Mutation:
[0.0, -1.7641681662e-12, -2.060820702e-13, 4.62010753e-11, -1.927362943e-10, -2.02036747e-15, 8.5294406e-16, 2.29423303e-05, -2.04721003e-06, -1.59792834e-08, 9.98214034e-10]
[0.0, -1.603789242e-12, -2.28980078e-13, 5.082118283e-11, -1.75214813e-10, -1.8366977e-15, 7.67649654e-16, 2.064809727e-05, -2.04721003e-06, -1.59792834e-08, 9.98214034e-10]
[0.0, -1.45799022e-12, -2.518780858e-13, 4.62010753e-11, -1.75214813e-10, -1.8366977e-15, 9.38238466e-16, 2.29423303e-05, -1.8424890269999998e-06, -1.59792834e-08, 9.98214034e-10]
[0.0, -1.45799022e-12, -2.518780858e-13, 4.62010753e-11, -1.927362943e-10, -1.65302793e-15, 7.67649654e-16, 2.29423303e-05, -1.8424890269999998e-06, -1.59792834e-08, 9.98214034e-10]
[0.0, -1.603789242e-12, -2.28980078e-13, 4.62010753e-11, -1.75214813e-10, -1.8183307229999997e-15, 8.5294406e-16, 2.5236563329999998e-05, -2.04721003e-06, -1.59792834e-08, 9.98214034e-10]
[0.0, -1.4434103178e-12, -2.060820702e-13, 4.62010753e-11, -1.927362943e-10, -2.02036747e-15, 8.5294406e-16, 2.064809727e-05, -1.8424890269999998e-06, -1.59792834e-08, 8.983926306e-10]
[0.0, -1.45799022e-12, -2.28980078e-13, 4.1580967770000004e-11, -1.75214813e-10, -1.8366977e-15, 7.67649654e-16, 2.064809727e-05, -2.04721003e-06, -1.59792834e-08, 9.98214034e-10]
[0.0, -1.603789242e-12, -2.518780858e-13, 5.082118283e-11, -1.75214813e-10, -1.8366977e-15, 9.38238466e-16, 2.29423303e-05, -2.251931033e-06, -1.4381355060000001e-08, 1.0980354374e-09]
[0.0, -1.45799022e-12, -2.28980078e-13, 4.62010753e-11, -2.1200992372999998e-10, -1.65302793e-15, 6.908846886e-16, 2.5236563329999998e-05, -2.04721003e-06, -1.59792834e-08, 9.98214034e-10]
[0.0, -1.603789242e-12, -2.28980078e-13, 4.62010753e-11, -1.5769333169999998e-10, -1.65302793e-15, 8.5294406e-16, 2.5236563329999998e-05, -2.04721003e-06, -1.59792834e-08, 9.98214034e-10]
Min of Generation: 1 :  316078600155.9202
Best vector of this gen  [ 0.00000000e+00 -1.76416817e-12 -2.06082070e-13  4.62010753e-11
 -1.92736294e-10 -2.02036747e-15  8.52944060e-16  2.29423303e-05
 -2.04721003e-06 -1.59792834e-08  9.98214034e-10]

Generation:  2
Intial popln: 
[0.0, -1.7641681662e-12, -2.060820702e-13, 4.62010753e-11, -1.927362943e-10, -2.02036747e-15, 8.5294406e-16, 2.29423303e-05, -2.04721003e-06, -1.59792834e-08, 9.98214034e-10]
[0.0, -1.603789242e-12, -2.28980078e-13, 5.082118283e-11, -1.75214813e-10, -1.8366977e-15, 7.67649654e-16, 2.064809727e-05, -2.04721003e-06, -1.59792834e-08, 9.98214034e-10]
[0.0, -1.603789242e-12, -2.28980078e-13, 4.62010753e-11, -1.5769333169999998e-10, -1.65302793e-15, 8.5294406e-16, 2.5236563329999998e-05, -2.04721003e-06, -1.59792834e-08, 9.98214034e-10]
[0.0, -1.45799022e-12, -2.28980078e-13, 4.62010753e-11, -2.1200992372999998e-10, -1.65302793e-15, 6.908846886e-16, 2.5236563329999998e-05, -2.04721003e-06, -1.59792834e-08, 9.98214034e-10]
[0.0, -1.603789242e-12, -2.28980078e-13, 4.62010753e-11, -1.75214813e-10, -1.8183307229999997e-15, 8.5294406e-16, 2.5236563329999998e-05, -2.04721003e-06, -1.59792834e-08, 9.98214034e-10]
[0.0, -1.45799022e-12, -2.518780858e-13, 4.62010753e-11, -1.75214813e-10, -1.8366977e-15, 9.38238466e-16, 2.29423303e-05, -1.8424890269999998e-06, -1.59792834e-08, 9.98214034e-10]
[0.0, -1.45799022e-12, -2.518780858e-13, 4.62010753e-11, -1.927362943e-10, -1.65302793e-15, 7.67649654e-16, 2.29423303e-05, -1.8424890269999998e-06, -1.59792834e-08, 9.98214034e-10]
[0.0, -1.603789242e-12, -2.518780858e-13, 5.082118283e-11, -1.75214813e-10, -1.8366977e-15, 9.38238466e-16, 2.29423303e-05, -2.251931033e-06, -1.4381355060000001e-08, 1.0980354374e-09]
[0.0, -1.45799022e-12, -2.28980078e-13, 4.1580967770000004e-11, -1.75214813e-10, -1.8366977e-15, 7.67649654e-16, 2.064809727e-05, -2.04721003e-06, -1.59792834e-08, 9.98214034e-10]
[0.0, -1.4434103178e-12, -2.060820702e-13, 4.62010753e-11, -1.927362943e-10, -2.02036747e-15, 8.5294406e-16, 2.064809727e-05, -1.8424890269999998e-06, -1.59792834e-08, 8.983926306e-10]

After Selection:
[0.0, -1.7641681662e-12, -2.060820702e-13, 4.62010753e-11, -1.927362943e-10, -2.02036747e-15, 8.5294406e-16, 2.29423303e-05, -2.04721003e-06, -1.59792834e-08, 9.98214034e-10]
[0.0, -1.603789242e-12, -2.28980078e-13, 5.082118283e-11, -1.75214813e-10, -1.8366977e-15, 7.67649654e-16, 2.064809727e-05, -2.04721003e-06, -1.59792834e-08, 9.98214034e-10]
[0.0, -1.603789242e-12, -2.28980078e-13, 4.62010753e-11, -1.5769333169999998e-10, -1.65302793e-15, 8.5294406e-16, 2.5236563329999998e-05, -2.04721003e-06, -1.59792834e-08, 9.98214034e-10]
[0.0, -1.45799022e-12, -2.28980078e-13, 4.62010753e-11, -2.1200992372999998e-10, -1.65302793e-15, 6.908846886e-16, 2.5236563329999998e-05, -2.04721003e-06, -1.59792834e-08, 9.98214034e-10]
[0.0, -1.603789242e-12, -2.28980078e-13, 4.62010753e-11, -1.75214813e-10, -1.8183307229999997e-15, 8.5294406e-16, 2.5236563329999998e-05, -2.04721003e-06, -1.59792834e-08, 9.98214034e-10]

After CrossOver:
[0.0, -1.7641681662e-12, -2.060820702e-13, 4.62010753e-11, -1.927362943e-10, -2.02036747e-15, 8.5294406e-16, 2.29423303e-05, -2.04721003e-06, -1.59792834e-08, 9.98214034e-10]
[0.0, -1.603789242e-12, -2.28980078e-13, 5.082118283e-11, -1.75214813e-10, -1.8366977e-15, 7.67649654e-16, 2.064809727e-05, -2.04721003e-06, -1.59792834e-08, 9.98214034e-10]
[0.0, -1.603789242e-12, -2.28980078e-13, 4.62010753e-11, -1.5769333169999998e-10, -1.65302793e-15, 6.908846886e-16, 2.5236563329999998e-05, -2.04721003e-06, -1.59792834e-08, 9.98214034e-10]
[0.0, -1.45799022e-12, -2.28980078e-13, 4.62010753e-11, -2.1200992372999998e-10, -1.65302793e-15, 8.5294406e-16, 2.5236563329999998e-05, -2.04721003e-06, -1.59792834e-08, 9.98214034e-10]
[0.0, -1.603789242e-12, -2.28980078e-13, 4.62010753e-11, -1.75214813e-10, -1.8183307229999997e-15, 8.5294406e-16, 2.29423303e-05, -2.04721003e-06, -1.59792834e-08, 9.98214034e-10]
[0.0, -1.7641681662e-12, -2.060820702e-13, 4.62010753e-11, -1.927362943e-10, -2.02036747e-15, 7.67649654e-16, 2.064809727e-05, -2.04721003e-06, -1.59792834e-08, 9.98214034e-10]
[0.0, -1.603789242e-12, -2.28980078e-13, 5.082118283e-11, -1.75214813e-10, -1.8366977e-15, 8.5294406e-16, 2.5236563329999998e-05, -2.04721003e-06, -1.59792834e-08, 9.98214034e-10]
[0.0, -1.603789242e-12, -2.28980078e-13, 4.62010753e-11, -1.5769333169999998e-10, -1.65302793e-15, 6.908846886e-16, 2.5236563329999998e-05, -2.04721003e-06, -1.59792834e-08, 9.98214034e-10]
[0.0, -1.45799022e-12, -2.28980078e-13, 4.62010753e-11, -2.1200992372999998e-10, -1.65302793e-15, 8.5294406e-16, 2.5236563329999998e-05, -2.04721003e-06, -1.59792834e-08, 9.98214034e-10]
[0.0, -1.603789242e-12, -2.28980078e-13, 4.62010753e-11, -1.75214813e-10, -1.8183307229999997e-15, 8.5294406e-16, 2.29423303e-05, -2.04721003e-06, -1.59792834e-08, 9.98214034e-10]

After Mutation:
[0.0, -1.94058498282e-12, -2.060820702e-13, 4.62010753e-11, -1.927362943e-10, -1.818330723e-15, 8.5294406e-16, 2.29423303e-05, -2.04721003e-06, -1.757721174e-08, 9.98214034e-10]
[0.0, -1.4434103178e-12, -2.28980078e-13, 5.5903301113e-11, -1.927362943e-10, -2.02036747e-15, 7.67649654e-16, 2.064809727e-05, -2.04721003e-06, -1.59792834e-08, 9.98214034e-10]
[0.0, -1.603789242e-12, -2.518780858e-13, 5.082118283e-11, -1.5769333169999998e-10, -1.65302793e-15, 6.908846886e-16, 2.5236563329999998e-05, -2.04721003e-06, -1.59792834e-08, 1.0980354374e-09]
[0.0, -1.45799022e-12, -2.518780858e-13, 4.1580967770000004e-11, -2.1200992372999998e-10, -1.8183307229999997e-15, 9.38238466e-16, 2.2712906997e-05, -1.8424890269999998e-06, -1.59792834e-08, 8.983926306e-10]
[0.0, -1.603789242e-12, -2.28980078e-13, 4.62010753e-11, -1.75214813e-10, -1.8183307229999997e-15, 8.5294406e-16, 2.29423303e-05, -2.04721003e-06, -1.757721174e-08, 9.98214034e-10]
[0.0, -1.7641681662e-12, -2.060820702e-13, 4.62010753e-11, -1.927362943e-10, -2.2224042170000002e-15, 7.67649654e-16, 2.064809727e-05, -2.04721003e-06, -1.4381355060000001e-08, 1.0980354374e-09]
[0.0, -1.603789242e-12, -2.518780858e-13, 5.5903301113e-11, -1.75214813e-10, -1.8366977e-15, 8.5294406e-16, 2.5236563329999998e-05, -2.04721003e-06, -1.59792834e-08, 9.98214034e-10]
[0.0, -1.603789242e-12, -2.28980078e-13, 4.62010753e-11, -1.5769333169999998e-10, -1.65302793e-15, 6.908846886e-16, 2.5236563329999998e-05, -2.04721003e-06, -1.4381355060000001e-08, 9.98214034e-10]
[0.0, -1.603789242e-12, -2.28980078e-13, 4.1580967770000004e-11, -2.1200992372999998e-10, -1.65302793e-15, 7.67649654e-16, 2.7760219662999997e-05, -2.04721003e-06, -1.59792834e-08, 9.98214034e-10]
[0.0, -1.603789242e-12, -2.28980078e-13, 4.62010753e-11, -1.75214813e-10, -1.8183307229999997e-15, 8.5294406e-16, 2.29423303e-05, -2.04721003e-06, -1.59792834e-08, 9.98214034e-10]
Min of Generation: 2 :  247100283705.1447
Best vector of this gen  [ 0.00000000e+00 -1.45799022e-12 -2.51878086e-13  4.15809678e-11
 -2.12009924e-10 -1.81833072e-15  9.38238466e-16  2.27129070e-05
 -1.84248903e-06 -1.59792834e-08  8.98392631e-10]

Generation:  3
Intial popln: 
[0.0, -1.603789242e-12, -2.28980078e-13, 4.62010753e-11, -1.75214813e-10, -1.8183307229999997e-15, 8.5294406e-16, 2.29423303e-05, -2.04721003e-06, -1.757721174e-08, 9.98214034e-10]
[0.0, -1.603789242e-12, -2.518780858e-13, 5.082118283e-11, -1.5769333169999998e-10, -1.65302793e-15, 6.908846886e-16, 2.5236563329999998e-05, -2.04721003e-06, -1.59792834e-08, 1.0980354374e-09]
[0.0, -1.603789242e-12, -2.28980078e-13, 4.62010753e-11, -1.75214813e-10, -1.8183307229999997e-15, 8.5294406e-16, 2.29423303e-05, -2.04721003e-06, -1.59792834e-08, 9.98214034e-10]
[0.0, -1.94058498282e-12, -2.060820702e-13, 4.62010753e-11, -1.927362943e-10, -1.818330723e-15, 8.5294406e-16, 2.29423303e-05, -2.04721003e-06, -1.757721174e-08, 9.98214034e-10]
[0.0, -1.45799022e-12, -2.518780858e-13, 4.1580967770000004e-11, -2.1200992372999998e-10, -1.8183307229999997e-15, 9.38238466e-16, 2.2712906997e-05, -1.8424890269999998e-06, -1.59792834e-08, 8.983926306e-10]
[0.0, -1.603789242e-12, -2.28980078e-13, 4.1580967770000004e-11, -2.1200992372999998e-10, -1.65302793e-15, 7.67649654e-16, 2.7760219662999997e-05, -2.04721003e-06, -1.59792834e-08, 9.98214034e-10]
[0.0, -1.7641681662e-12, -2.060820702e-13, 4.62010753e-11, -1.927362943e-10, -2.2224042170000002e-15, 7.67649654e-16, 2.064809727e-05, -2.04721003e-06, -1.4381355060000001e-08, 1.0980354374e-09]
[0.0, -1.603789242e-12, -2.28980078e-13, 4.62010753e-11, -1.5769333169999998e-10, -1.65302793e-15, 6.908846886e-16, 2.5236563329999998e-05, -2.04721003e-06, -1.4381355060000001e-08, 9.98214034e-10]
[0.0, -1.603789242e-12, -2.518780858e-13, 5.5903301113e-11, -1.75214813e-10, -1.8366977e-15, 8.5294406e-16, 2.5236563329999998e-05, -2.04721003e-06, -1.59792834e-08, 9.98214034e-10]
[0.0, -1.4434103178e-12, -2.28980078e-13, 5.5903301113e-11, -1.927362943e-10, -2.02036747e-15, 7.67649654e-16, 2.064809727e-05, -2.04721003e-06, -1.59792834e-08, 9.98214034e-10]

After Selection:
[0.0, -1.603789242e-12, -2.28980078e-13, 4.62010753e-11, -1.75214813e-10, -1.8183307229999997e-15, 8.5294406e-16, 2.29423303e-05, -2.04721003e-06, -1.757721174e-08, 9.98214034e-10]
[0.0, -1.603789242e-12, -2.518780858e-13, 5.082118283e-11, -1.5769333169999998e-10, -1.65302793e-15, 6.908846886e-16, 2.5236563329999998e-05, -2.04721003e-06, -1.59792834e-08, 1.0980354374e-09]
[0.0, -1.603789242e-12, -2.28980078e-13, 4.62010753e-11, -1.75214813e-10, -1.8183307229999997e-15, 8.5294406e-16, 2.29423303e-05, -2.04721003e-06, -1.59792834e-08, 9.98214034e-10]
[0.0, -1.94058498282e-12, -2.060820702e-13, 4.62010753e-11, -1.927362943e-10, -1.818330723e-15, 8.5294406e-16, 2.29423303e-05, -2.04721003e-06, -1.757721174e-08, 9.98214034e-10]
[0.0, -1.45799022e-12, -2.518780858e-13, 4.1580967770000004e-11, -2.1200992372999998e-10, -1.8183307229999997e-15, 9.38238466e-16, 2.2712906997e-05, -1.8424890269999998e-06, -1.59792834e-08, 8.983926306e-10]

After CrossOver:
[0.0, -1.603789242e-12, -2.28980078e-13, 4.62010753e-11, -1.75214813e-10, -1.8183307229999997e-15, 8.5294406e-16, 2.29423303e-05, -2.04721003e-06, -1.757721174e-08, 9.98214034e-10]
[0.0, -1.603789242e-12, -2.518780858e-13, 5.082118283e-11, -1.5769333169999998e-10, -1.65302793e-15, 6.908846886e-16, 2.5236563329999998e-05, -2.04721003e-06, -1.59792834e-08, 1.0980354374e-09]
[0.0, -1.603789242e-12, -2.28980078e-13, 4.62010753e-11, -1.75214813e-10, -1.8183307229999997e-15, 8.5294406e-16, 2.29423303e-05, -2.04721003e-06, -1.757721174e-08, 9.98214034e-10]
[0.0, -1.94058498282e-12, -2.060820702e-13, 4.62010753e-11, -1.927362943e-10, -1.818330723e-15, 9.38238466e-16, 2.2712906997e-05, -1.8424890269999998e-06, -1.59792834e-08, 8.983926306e-10]
[0.0, -1.45799022e-12, -2.518780858e-13, 4.1580967770000004e-11, -2.1200992372999998e-10, -1.8183307229999997e-15, 8.5294406e-16, 2.29423303e-05, -2.04721003e-06, -1.757721174e-08, 9.98214034e-10]
[0.0, -1.603789242e-12, -2.28980078e-13, 4.62010753e-11, -1.75214813e-10, -1.8183307229999997e-15, 6.908846886e-16, 2.5236563329999998e-05, -2.04721003e-06, -1.59792834e-08, 1.0980354374e-09]
[0.0, -1.603789242e-12, -2.518780858e-13, 5.082118283e-11, -1.5769333169999998e-10, -1.65302793e-15, 8.5294406e-16, 2.29423303e-05, -2.04721003e-06, -1.59792834e-08, 9.98214034e-10]
[0.0, -1.603789242e-12, -2.28980078e-13, 4.62010753e-11, -1.75214813e-10, -1.8183307229999997e-15, 8.5294406e-16, 2.29423303e-05, -2.04721003e-06, -1.757721174e-08, 9.98214034e-10]
[0.0, -1.94058498282e-12, -2.060820702e-13, 4.62010753e-11, -1.927362943e-10, -1.818330723e-15, 9.38238466e-16, 2.2712906997e-05, -1.8424890269999998e-06, -1.59792834e-08, 8.983926306e-10]
[0.0, -1.45799022e-12, -2.518780858e-13, 4.1580967770000004e-11, -2.1200992372999998e-10, -1.8183307229999997e-15, 8.5294406e-16, 2.29423303e-05, -2.04721003e-06, -1.757721174e-08, 9.98214034e-10]

After Mutation:
[0.0, -1.4434103178e-12, -2.28980078e-13, 4.62010753e-11, -1.75214813e-10, -1.8183307229999997e-15, 8.5294406e-16, 2.29423303e-05, -2.04721003e-06, -1.757721174e-08, 9.98214034e-10]
[0.0, -1.603789242e-12, -2.518780858e-13, 4.5739064547e-11, -1.4192399852999998e-10, -1.65302793e-15, 6.908846886e-16, 2.7760219662999997e-05, -2.04721003e-06, -1.59792834e-08, 1.0980354374e-09]
[0.0, -1.7641681662e-12, -2.518780858e-13, 4.62010753e-11, -1.927362943e-10, -1.8183307229999997e-15, 7.67649654e-16, 2.29423303e-05, -2.04721003e-06, -1.757721174e-08, 9.98214034e-10]
[0.0, -1.7465264845380001e-12, -2.060820702e-13, 4.1580967770000004e-11, -1.927362943e-10, -1.818330723e-15, 8.444146194e-16, 2.2712906997e-05, -1.8424890269999998e-06, -1.757721174e-08, 9.8823189366e-10]
[0.0, -1.603789242e-12, -2.518780858e-13, 4.1580967770000004e-11, -2.1200992372999998e-10, -1.6364976506999998e-15, 8.5294406e-16, 2.5236563329999998e-05, -1.8424890269999998e-06, -1.9334932914000003e-08, 1.0980354374e-09]
[0.0, -1.603789242e-12, -2.28980078e-13, 4.1580967770000004e-11, -1.75214813e-10, -2.0001637952999997e-15, 6.2179621974e-16, 2.5236563329999998e-05, -2.251931033e-06, -1.59792834e-08, 1.0980354374e-09]
[0.0, -1.603789242e-12, -2.518780858e-13, 5.5903301113e-11, -1.5769333169999998e-10, -1.65302793e-15, 9.38238466e-16, 2.29423303e-05, -2.04721003e-06, -1.757721174e-08, 8.983926306e-10]
[0.0, -1.7641681662e-12, -2.28980078e-13, 5.082118283e-11, -1.927362943e-10, -1.8183307229999997e-15, 8.5294406e-16, 2.064809727e-05, -2.251931033e-06, -1.757721174e-08, 9.98214034e-10]
[0.0, -1.94058498282e-12, -2.060820702e-13, 4.62010753e-11, -1.927362943e-10, -1.818330723e-15, 9.38238466e-16, 2.4984197696699997e-05, -1.8424890269999998e-06, -1.4381355060000001e-08, 8.983926306e-10]
[0.0, -1.312191198e-12, -2.518780858e-13, 4.5739064547e-11, -2.1200992372999998e-10, -1.8183307229999997e-15, 7.67649654e-16, 2.29423303e-05, -2.04721003e-06, -1.9334932914000003e-08, 8.983926306e-10]
Min of Generation: 3 :  986350298699.3733
Best vector of this gen  [ 0.00000000e+00 -1.44341032e-12 -2.28980078e-13  4.62010753e-11
 -1.75214813e-10 -1.81833072e-15  8.52944060e-16  2.29423303e-05
 -2.04721003e-06 -1.75772117e-08  9.98214034e-10]

Generation:  4
Intial popln: 
[0.0, -1.4434103178e-12, -2.28980078e-13, 4.62010753e-11, -1.75214813e-10, -1.8183307229999997e-15, 8.5294406e-16, 2.29423303e-05, -2.04721003e-06, -1.757721174e-08, 9.98214034e-10]
[0.0, -1.603789242e-12, -2.28980078e-13, 4.1580967770000004e-11, -1.75214813e-10, -2.0001637952999997e-15, 6.2179621974e-16, 2.5236563329999998e-05, -2.251931033e-06, -1.59792834e-08, 1.0980354374e-09]
[0.0, -1.603789242e-12, -2.518780858e-13, 5.5903301113e-11, -1.5769333169999998e-10, -1.65302793e-15, 9.38238466e-16, 2.29423303e-05, -2.04721003e-06, -1.757721174e-08, 8.983926306e-10]
[0.0, -1.603789242e-12, -2.518780858e-13, 4.5739064547e-11, -1.4192399852999998e-10, -1.65302793e-15, 6.908846886e-16, 2.7760219662999997e-05, -2.04721003e-06, -1.59792834e-08, 1.0980354374e-09]
[0.0, -1.94058498282e-12, -2.060820702e-13, 4.62010753e-11, -1.927362943e-10, -1.818330723e-15, 9.38238466e-16, 2.4984197696699997e-05, -1.8424890269999998e-06, -1.4381355060000001e-08, 8.983926306e-10]
[0.0, -1.7641681662e-12, -2.28980078e-13, 5.082118283e-11, -1.927362943e-10, -1.8183307229999997e-15, 8.5294406e-16, 2.064809727e-05, -2.251931033e-06, -1.757721174e-08, 9.98214034e-10]
[0.0, -1.603789242e-12, -2.518780858e-13, 4.1580967770000004e-11, -2.1200992372999998e-10, -1.6364976506999998e-15, 8.5294406e-16, 2.5236563329999998e-05, -1.8424890269999998e-06, -1.9334932914000003e-08, 1.0980354374e-09]
[0.0, -1.7465264845380001e-12, -2.060820702e-13, 4.1580967770000004e-11, -1.927362943e-10, -1.818330723e-15, 8.444146194e-16, 2.2712906997e-05, -1.8424890269999998e-06, -1.757721174e-08, 9.8823189366e-10]
[0.0, -1.7641681662e-12, -2.518780858e-13, 4.62010753e-11, -1.927362943e-10, -1.8183307229999997e-15, 7.67649654e-16, 2.29423303e-05, -2.04721003e-06, -1.757721174e-08, 9.98214034e-10]
[0.0, -1.312191198e-12, -2.518780858e-13, 4.5739064547e-11, -2.1200992372999998e-10, -1.8183307229999997e-15, 7.67649654e-16, 2.29423303e-05, -2.04721003e-06, -1.9334932914000003e-08, 8.983926306e-10]

After Selection:
[0.0, -1.4434103178e-12, -2.28980078e-13, 4.62010753e-11, -1.75214813e-10, -1.8183307229999997e-15, 8.5294406e-16, 2.29423303e-05, -2.04721003e-06, -1.757721174e-08, 9.98214034e-10]
[0.0, -1.603789242e-12, -2.28980078e-13, 4.1580967770000004e-11, -1.75214813e-10, -2.0001637952999997e-15, 6.2179621974e-16, 2.5236563329999998e-05, -2.251931033e-06, -1.59792834e-08, 1.0980354374e-09]
[0.0, -1.603789242e-12, -2.518780858e-13, 5.5903301113e-11, -1.5769333169999998e-10, -1.65302793e-15, 9.38238466e-16, 2.29423303e-05, -2.04721003e-06, -1.757721174e-08, 8.983926306e-10]
[0.0, -1.603789242e-12, -2.518780858e-13, 4.5739064547e-11, -1.4192399852999998e-10, -1.65302793e-15, 6.908846886e-16, 2.7760219662999997e-05, -2.04721003e-06, -1.59792834e-08, 1.0980354374e-09]
[0.0, -1.94058498282e-12, -2.060820702e-13, 4.62010753e-11, -1.927362943e-10, -1.818330723e-15, 9.38238466e-16, 2.4984197696699997e-05, -1.8424890269999998e-06, -1.4381355060000001e-08, 8.983926306e-10]

After CrossOver:
[0.0, -1.4434103178e-12, -2.28980078e-13, 4.62010753e-11, -1.75214813e-10, -1.8183307229999997e-15, 8.5294406e-16, 2.29423303e-05, -2.04721003e-06, -1.757721174e-08, 9.98214034e-10]
[0.0, -1.603789242e-12, -2.28980078e-13, 4.1580967770000004e-11, -1.75214813e-10, -2.0001637952999997e-15, 6.2179621974e-16, 2.5236563329999998e-05, -2.251931033e-06, -1.59792834e-08, 1.0980354374e-09]
[0.0, -1.603789242e-12, -2.518780858e-13, 5.5903301113e-11, -1.5769333169999998e-10, -1.65302793e-15, 6.908846886e-16, 2.7760219662999997e-05, -2.04721003e-06, -1.59792834e-08, 1.0980354374e-09]
[0.0, -1.603789242e-12, -2.518780858e-13, 4.5739064547e-11, -1.4192399852999998e-10, -1.65302793e-15, 9.38238466e-16, 2.4984197696699997e-05, -1.8424890269999998e-06, -1.4381355060000001e-08, 8.983926306e-10]
[0.0, -1.94058498282e-12, -2.060820702e-13, 4.62010753e-11, -1.927362943e-10, -1.818330723e-15, 8.5294406e-16, 2.29423303e-05, -2.04721003e-06, -1.757721174e-08, 9.98214034e-10]
[0.0, -1.4434103178e-12, -2.28980078e-13, 4.62010753e-11, -1.75214813e-10, -1.8183307229999997e-15, 6.2179621974e-16, 2.5236563329999998e-05, -2.251931033e-06, -1.59792834e-08, 1.0980354374e-09]
[0.0, -1.603789242e-12, -2.28980078e-13, 4.1580967770000004e-11, -1.75214813e-10, -2.0001637952999997e-15, 9.38238466e-16, 2.29423303e-05, -2.04721003e-06, -1.757721174e-08, 8.983926306e-10]
[0.0, -1.603789242e-12, -2.518780858e-13, 5.5903301113e-11, -1.5769333169999998e-10, -1.65302793e-15, 6.908846886e-16, 2.7760219662999997e-05, -2.04721003e-06, -1.59792834e-08, 1.0980354374e-09]
[0.0, -1.603789242e-12, -2.518780858e-13, 4.5739064547e-11, -1.4192399852999998e-10, -1.65302793e-15, 9.38238466e-16, 2.4984197696699997e-05, -1.8424890269999998e-06, -1.4381355060000001e-08, 8.983926306e-10]
[0.0, -1.94058498282e-12, -2.060820702e-13, 4.62010753e-11, -1.927362943e-10, -1.818330723e-15, 8.5294406e-16, 2.29423303e-05, -2.04721003e-06, -1.757721174e-08, 9.98214034e-10]

After Mutation:
[0.0, -1.29906928602e-12, -2.060820702e-13, 5.082118283e-11, -1.75214813e-10, -1.8183307229999997e-15, 8.5294406e-16, 2.5236563329999998e-05, -2.04721003e-06, -1.5819490566e-08, 9.98214034e-10]
[0.0, -1.603789242e-12, -2.060820702e-13, 3.7422870993000005e-11, -1.927362943e-10, -2.0001637952999997e-15, 6.2179621974e-16, 2.5236563329999998e-05, -2.251931033e-06, -1.59792834e-08, 1.0980354374e-09]
[0.0, -1.603789242e-12, -2.518780858e-13, 5.5903301113e-11, -1.5769333169999998e-10, -1.65302793e-15, 7.5997315746e-16, 2.7760219662999997e-05, -2.251931033e-06, -1.59792834e-08, 9.8823189366e-10]
[0.0, -1.603789242e-12, -2.2669027722e-13, 4.11651580923e-11, -1.4192399852999998e-10, -1.65302793e-15, 9.38238466e-16, 2.4984197696699997e-05, -1.6582401243e-06, -1.2943219554e-08, 8.983926306e-10]
[0.0, -1.94058498282e-12, -2.2669027722000001e-13, 4.1580967770000004e-11, -1.927362943e-10, -1.818330723e-15, 9.38238466e-16, 2.29423303e-05, -2.04721003e-06, -1.757721174e-08, 9.98214034e-10]
[0.0, -1.58775134958e-12, -2.28980078e-13, 4.62010753e-11, -1.5769333169999998e-10, -1.8183307229999997e-15, 5.59616597766e-16, 2.5236563329999998e-05, -2.251931033e-06, -1.59792834e-08, 1.2078389811399999e-09]
[0.0, -1.4434103178e-12, -2.28980078e-13, 4.1580967770000004e-11, -1.927362943e-10, -2.0001637952999997e-15, 8.444146194e-16, 2.29423303e-05, -2.04721003e-06, -1.9334932914000003e-08, 8.0855336754e-10]
[0.0, -1.4434103178e-12, -2.518780858e-13, 5.03129710017e-11, -1.5769333169999998e-10, -1.65302793e-15, 6.2179621974e-16, 3.05362416293e-05, -2.04721003e-06, -1.59792834e-08, 1.2078389811399999e-09]
[0.0, -1.603789242e-12, -2.518780858e-13, 4.5739064547e-11, -1.27731598677e-10, -1.65302793e-15, 9.38238466e-16, 2.4984197696699997e-05, -1.8424890269999998e-06, -1.4381355060000001e-08, 8.983926306e-10]
[0.0, -1.94058498282e-12, -2.060820702e-13, 4.1580967770000004e-11, -1.927362943e-10, -1.818330723e-15, 8.5294406e-16, 2.29423303e-05, -1.8424890269999998e-06, -1.757721174e-08, 9.98214034e-10]
Min of Generation: 4 :  986350298792.1846
Best vector of this gen  [ 0.00000000e+00 -1.94058498e-12 -2.26690277e-13  4.15809678e-11
 -1.92736294e-10 -1.81833072e-15  9.38238466e-16  2.29423303e-05
 -2.04721003e-06 -1.75772117e-08  9.98214034e-10]

Generation:  5
Intial popln: 
[0.0, -1.603789242e-12, -2.518780858e-13, 4.5739064547e-11, -1.27731598677e-10, -1.65302793e-15, 9.38238466e-16, 2.4984197696699997e-05, -1.8424890269999998e-06, -1.4381355060000001e-08, 8.983926306e-10]
[0.0, -1.94058498282e-12, -2.2669027722000001e-13, 4.1580967770000004e-11, -1.927362943e-10, -1.818330723e-15, 9.38238466e-16, 2.29423303e-05, -2.04721003e-06, -1.757721174e-08, 9.98214034e-10]
[0.0, -1.29906928602e-12, -2.060820702e-13, 5.082118283e-11, -1.75214813e-10, -1.8183307229999997e-15, 8.5294406e-16, 2.5236563329999998e-05, -2.04721003e-06, -1.5819490566e-08, 9.98214034e-10]
[0.0, -1.603789242e-12, -2.060820702e-13, 3.7422870993000005e-11, -1.927362943e-10, -2.0001637952999997e-15, 6.2179621974e-16, 2.5236563329999998e-05, -2.251931033e-06, -1.59792834e-08, 1.0980354374e-09]
[0.0, -1.4434103178e-12, -2.28980078e-13, 4.1580967770000004e-11, -1.927362943e-10, -2.0001637952999997e-15, 8.444146194e-16, 2.29423303e-05, -2.04721003e-06, -1.9334932914000003e-08, 8.0855336754e-10]
[0.0, -1.4434103178e-12, -2.518780858e-13, 5.03129710017e-11, -1.5769333169999998e-10, -1.65302793e-15, 6.2179621974e-16, 3.05362416293e-05, -2.04721003e-06, -1.59792834e-08, 1.2078389811399999e-09]
[0.0, -1.94058498282e-12, -2.060820702e-13, 4.1580967770000004e-11, -1.927362943e-10, -1.818330723e-15, 8.5294406e-16, 2.29423303e-05, -1.8424890269999998e-06, -1.757721174e-08, 9.98214034e-10]
[0.0, -1.603789242e-12, -2.518780858e-13, 5.5903301113e-11, -1.5769333169999998e-10, -1.65302793e-15, 7.5997315746e-16, 2.7760219662999997e-05, -2.251931033e-06, -1.59792834e-08, 9.8823189366e-10]
[0.0, -1.58775134958e-12, -2.28980078e-13, 4.62010753e-11, -1.5769333169999998e-10, -1.8183307229999997e-15, 5.59616597766e-16, 2.5236563329999998e-05, -2.251931033e-06, -1.59792834e-08, 1.2078389811399999e-09]
[0.0, -1.603789242e-12, -2.2669027722e-13, 4.11651580923e-11, -1.4192399852999998e-10, -1.65302793e-15, 9.38238466e-16, 2.4984197696699997e-05, -1.6582401243e-06, -1.2943219554e-08, 8.983926306e-10]

After Selection:
[0.0, -1.603789242e-12, -2.518780858e-13, 4.5739064547e-11, -1.27731598677e-10, -1.65302793e-15, 9.38238466e-16, 2.4984197696699997e-05, -1.8424890269999998e-06, -1.4381355060000001e-08, 8.983926306e-10]
[0.0, -1.94058498282e-12, -2.2669027722000001e-13, 4.1580967770000004e-11, -1.927362943e-10, -1.818330723e-15, 9.38238466e-16, 2.29423303e-05, -2.04721003e-06, -1.757721174e-08, 9.98214034e-10]
[0.0, -1.29906928602e-12, -2.060820702e-13, 5.082118283e-11, -1.75214813e-10, -1.8183307229999997e-15, 8.5294406e-16, 2.5236563329999998e-05, -2.04721003e-06, -1.5819490566e-08, 9.98214034e-10]
[0.0, -1.603789242e-12, -2.060820702e-13, 3.7422870993000005e-11, -1.927362943e-10, -2.0001637952999997e-15, 6.2179621974e-16, 2.5236563329999998e-05, -2.251931033e-06, -1.59792834e-08, 1.0980354374e-09]
[0.0, -1.4434103178e-12, -2.28980078e-13, 4.1580967770000004e-11, -1.927362943e-10, -2.0001637952999997e-15, 8.444146194e-16, 2.29423303e-05, -2.04721003e-06, -1.9334932914000003e-08, 8.0855336754e-10]

After CrossOver:
[0.0, -1.603789242e-12, -2.518780858e-13, 4.5739064547e-11, -1.27731598677e-10, -1.65302793e-15, 9.38238466e-16, 2.4984197696699997e-05, -1.8424890269999998e-06, -1.4381355060000001e-08, 8.983926306e-10]
[0.0, -1.94058498282e-12, -2.2669027722000001e-13, 4.1580967770000004e-11, -1.927362943e-10, -1.818330723e-15, 9.38238466e-16, 2.29423303e-05, -2.04721003e-06, -1.757721174e-08, 9.98214034e-10]
[0.0, -1.29906928602e-12, -2.060820702e-13, 5.082118283e-11, -1.75214813e-10, -1.8183307229999997e-15, 6.2179621974e-16, 2.5236563329999998e-05, -2.251931033e-06, -1.59792834e-08, 1.0980354374e-09]
[0.0, -1.603789242e-12, -2.060820702e-13, 3.7422870993000005e-11, -1.927362943e-10, -2.0001637952999997e-15, 8.444146194e-16, 2.29423303e-05, -2.04721003e-06, -1.9334932914000003e-08, 8.0855336754e-10]
[0.0, -1.4434103178e-12, -2.28980078e-13, 4.1580967770000004e-11, -1.927362943e-10, -2.0001637952999997e-15, 9.38238466e-16, 2.4984197696699997e-05, -1.8424890269999998e-06, -1.4381355060000001e-08, 8.983926306e-10]
[0.0, -1.603789242e-12, -2.518780858e-13, 4.5739064547e-11, -1.27731598677e-10, -1.65302793e-15, 9.38238466e-16, 2.29423303e-05, -2.04721003e-06, -1.757721174e-08, 9.98214034e-10]
[0.0, -1.94058498282e-12, -2.2669027722000001e-13, 4.1580967770000004e-11, -1.927362943e-10, -1.818330723e-15, 8.5294406e-16, 2.5236563329999998e-05, -2.04721003e-06, -1.5819490566e-08, 9.98214034e-10]
[0.0, -1.29906928602e-12, -2.060820702e-13, 5.082118283e-11, -1.75214813e-10, -1.8183307229999997e-15, 6.2179621974e-16, 2.5236563329999998e-05, -2.251931033e-06, -1.59792834e-08, 1.0980354374e-09]
[0.0, -1.603789242e-12, -2.060820702e-13, 3.7422870993000005e-11, -1.927362943e-10, -2.0001637952999997e-15, 8.444146194e-16, 2.29423303e-05, -2.04721003e-06, -1.9334932914000003e-08, 8.0855336754e-10]
[0.0, -1.4434103178e-12, -2.28980078e-13, 4.1580967770000004e-11, -1.927362943e-10, -2.0001637952999997e-15, 9.38238466e-16, 2.4984197696699997e-05, -1.8424890269999998e-06, -1.4381355060000001e-08, 8.983926306e-10]

After Mutation:
[0.0, -1.603789242e-12, -2.518780858e-13, 5.0312971001700006e-11, -1.4050475854469998e-10, -1.487725137e-15, 9.38238466e-16, 2.4984197696699997e-05, -1.8424890269999998e-06, -1.4381355060000001e-08, 8.0855336754e-10]
[0.0, -1.7465264845380001e-12, -2.04021249498e-13, 4.1580967770000004e-11, -1.927362943e-10, -1.818330723e-15, 9.38238466e-16, 2.29423303e-05, -2.04721003e-06, -1.5819490566e-08, 1.0980354374e-09]
[0.0, -1.29906928602e-12, -2.060820702e-13, 5.082118283e-11, -1.75214813e-10, -2.0001637952999997e-15, 6.2179621974e-16, 2.5236563329999998e-05, -2.4771241363e-06, -1.59792834e-08, 9.8823189366e-10]
[0.0, -1.603789242e-12, -1.8547386318e-13, 3.7422870993000005e-11, -1.927362943e-10, -2.0001637952999997e-15, 8.444146194e-16, 2.064809727e-05, -1.8424890269999998e-06, -1.9334932914000003e-08, 8.89408704294e-10]
[0.0, -1.4434103178e-12, -2.28980078e-13, 4.1580967770000004e-11, -1.927362943e-10, -2.0001637952999997e-15, 9.38238466e-16, 2.4984197696699997e-05, -2.0267379296999997e-06, -1.2943219554e-08, 8.983926306e-10]
[0.0, -1.603789242e-12, -2.518780858e-13, 4.11651580923e-11, -1.27731598677e-10, -1.65302793e-15, 8.444146194e-16, 2.064809727e-05, -2.04721003e-06, -1.757721174e-08, 1.0980354374e-09]
[0.0, -1.94058498282e-12, -2.2669027722000001e-13, 4.1580967770000004e-11, -1.927362943e-10, -1.818330723e-15, 8.5294406e-16, 2.5236563329999998e-05, -2.04721003e-06, -1.5819490566e-08, 9.98214034e-10]
[0.0, -1.29906928602e-12, -1.8547386318e-13, 5.082118283e-11, -1.927362943e-10, -1.8183307229999997e-15, 6.2179621974e-16, 2.5236563329999998e-05, -2.251931033e-06, -1.59792834e-08, 9.8823189366e-10]
[0.0, -1.603789242e-12, -2.060820702e-13, 4.1165158092300007e-11, -1.7346266487e-10, -2.0001637952999997e-15, 8.444146194e-16, 2.5236563329999998e-05, -2.04721003e-06, -1.9334932914000003e-08, 8.0855336754e-10]
[0.0, -1.4434103178e-12, -2.518780858e-13, 4.1580967770000004e-11, -1.927362943e-10, -2.0001637952999997e-15, 9.38238466e-16, 2.4984197696699997e-05, -1.8424890269999998e-06, -1.4381355060000001e-08, 9.8823189366e-10]
Min of Generation: 5 :  391127827707.6018
Best vector of this gen  [ 0.00000000e+00 -1.44341032e-12 -2.28980078e-13  4.15809678e-11
 -1.92736294e-10 -2.00016380e-15  9.38238466e-16  2.49841977e-05
 -2.02673793e-06 -1.29432196e-08  8.98392631e-10]

Generation:  6
Intial popln: 
[0.0, -1.29906928602e-12, -1.8547386318e-13, 5.082118283e-11, -1.927362943e-10, -1.8183307229999997e-15, 6.2179621974e-16, 2.5236563329999998e-05, -2.251931033e-06, -1.59792834e-08, 9.8823189366e-10]
[0.0, -1.7465264845380001e-12, -2.04021249498e-13, 4.1580967770000004e-11, -1.927362943e-10, -1.818330723e-15, 9.38238466e-16, 2.29423303e-05, -2.04721003e-06, -1.5819490566e-08, 1.0980354374e-09]
[0.0, -1.4434103178e-12, -2.28980078e-13, 4.1580967770000004e-11, -1.927362943e-10, -2.0001637952999997e-15, 9.38238466e-16, 2.4984197696699997e-05, -2.0267379296999997e-06, -1.2943219554e-08, 8.983926306e-10]
[0.0, -1.603789242e-12, -1.8547386318e-13, 3.7422870993000005e-11, -1.927362943e-10, -2.0001637952999997e-15, 8.444146194e-16, 2.064809727e-05, -1.8424890269999998e-06, -1.9334932914000003e-08, 8.89408704294e-10]
[0.0, -1.4434103178e-12, -2.518780858e-13, 4.1580967770000004e-11, -1.927362943e-10, -2.0001637952999997e-15, 9.38238466e-16, 2.4984197696699997e-05, -1.8424890269999998e-06, -1.4381355060000001e-08, 9.8823189366e-10]
[0.0, -1.603789242e-12, -2.518780858e-13, 4.11651580923e-11, -1.27731598677e-10, -1.65302793e-15, 8.444146194e-16, 2.064809727e-05, -2.04721003e-06, -1.757721174e-08, 1.0980354374e-09]
[0.0, -1.94058498282e-12, -2.2669027722000001e-13, 4.1580967770000004e-11, -1.927362943e-10, -1.818330723e-15, 8.5294406e-16, 2.5236563329999998e-05, -2.04721003e-06, -1.5819490566e-08, 9.98214034e-10]
[0.0, -1.603789242e-12, -2.060820702e-13, 4.1165158092300007e-11, -1.7346266487e-10, -2.0001637952999997e-15, 8.444146194e-16, 2.5236563329999998e-05, -2.04721003e-06, -1.9334932914000003e-08, 8.0855336754e-10]
[0.0, -1.603789242e-12, -2.518780858e-13, 5.0312971001700006e-11, -1.4050475854469998e-10, -1.487725137e-15, 9.38238466e-16, 2.4984197696699997e-05, -1.8424890269999998e-06, -1.4381355060000001e-08, 8.0855336754e-10]
[0.0, -1.29906928602e-12, -2.060820702e-13, 5.082118283e-11, -1.75214813e-10, -2.0001637952999997e-15, 6.2179621974e-16, 2.5236563329999998e-05, -2.4771241363e-06, -1.59792834e-08, 9.8823189366e-10]

After Selection:
[0.0, -1.29906928602e-12, -1.8547386318e-13, 5.082118283e-11, -1.927362943e-10, -1.8183307229999997e-15, 6.2179621974e-16, 2.5236563329999998e-05, -2.251931033e-06, -1.59792834e-08, 9.8823189366e-10]
[0.0, -1.7465264845380001e-12, -2.04021249498e-13, 4.1580967770000004e-11, -1.927362943e-10, -1.818330723e-15, 9.38238466e-16, 2.29423303e-05, -2.04721003e-06, -1.5819490566e-08, 1.0980354374e-09]
[0.0, -1.4434103178e-12, -2.28980078e-13, 4.1580967770000004e-11, -1.927362943e-10, -2.0001637952999997e-15, 9.38238466e-16, 2.4984197696699997e-05, -2.0267379296999997e-06, -1.2943219554e-08, 8.983926306e-10]
[0.0, -1.603789242e-12, -1.8547386318e-13, 3.7422870993000005e-11, -1.927362943e-10, -2.0001637952999997e-15, 8.444146194e-16, 2.064809727e-05, -1.8424890269999998e-06, -1.9334932914000003e-08, 8.89408704294e-10]
[0.0, -1.4434103178e-12, -2.518780858e-13, 4.1580967770000004e-11, -1.927362943e-10, -2.0001637952999997e-15, 9.38238466e-16, 2.4984197696699997e-05, -1.8424890269999998e-06, -1.4381355060000001e-08, 9.8823189366e-10]

After CrossOver:
[0.0, -1.29906928602e-12, -1.8547386318e-13, 5.082118283e-11, -1.927362943e-10, -1.8183307229999997e-15, 6.2179621974e-16, 2.5236563329999998e-05, -2.251931033e-06, -1.59792834e-08, 9.8823189366e-10]
[0.0, -1.7465264845380001e-12, -2.04021249498e-13, 4.1580967770000004e-11, -1.927362943e-10, -1.818330723e-15, 9.38238466e-16, 2.29423303e-05, -2.04721003e-06, -1.5819490566e-08, 1.0980354374e-09]
[0.0, -1.4434103178e-12, -2.28980078e-13, 4.1580967770000004e-11, -1.927362943e-10, -2.0001637952999997e-15, 8.444146194e-16, 2.064809727e-05, -1.8424890269999998e-06, -1.9334932914000003e-08, 8.89408704294e-10]
[0.0, -1.603789242e-12, -1.8547386318e-13, 3.7422870993000005e-11, -1.927362943e-10, -2.0001637952999997e-15, 9.38238466e-16, 2.4984197696699997e-05, -1.8424890269999998e-06, -1.4381355060000001e-08, 9.8823189366e-10]
[0.0, -1.4434103178e-12, -2.518780858e-13, 4.1580967770000004e-11, -1.927362943e-10, -2.0001637952999997e-15, 6.2179621974e-16, 2.5236563329999998e-05, -2.251931033e-06, -1.59792834e-08, 9.8823189366e-10]
[0.0, -1.29906928602e-12, -1.8547386318e-13, 5.082118283e-11, -1.927362943e-10, -1.8183307229999997e-15, 9.38238466e-16, 2.29423303e-05, -2.04721003e-06, -1.5819490566e-08, 1.0980354374e-09]
[0.0, -1.7465264845380001e-12, -2.04021249498e-13, 4.1580967770000004e-11, -1.927362943e-10, -1.818330723e-15, 9.38238466e-16, 2.4984197696699997e-05, -2.0267379296999997e-06, -1.2943219554e-08, 8.983926306e-10]
[0.0, -1.4434103178e-12, -2.28980078e-13, 4.1580967770000004e-11, -1.927362943e-10, -2.0001637952999997e-15, 8.444146194e-16, 2.064809727e-05, -1.8424890269999998e-06, -1.9334932914000003e-08, 8.89408704294e-10]
[0.0, -1.603789242e-12, -1.8547386318e-13, 3.7422870993000005e-11, -1.927362943e-10, -2.0001637952999997e-15, 9.38238466e-16, 2.4984197696699997e-05, -1.8424890269999998e-06, -1.4381355060000001e-08, 9.8823189366e-10]
[0.0, -1.4434103178e-12, -2.518780858e-13, 4.1580967770000004e-11, -1.927362943e-10, -2.0001637952999997e-15, 6.2179621974e-16, 2.5236563329999998e-05, -2.251931033e-06, -1.59792834e-08, 9.8823189366e-10]

After Mutation:
[0.0, -1.29906928602e-12, -1.8547386318e-13, 5.5903301113e-11, -1.927362943e-10, -1.6364976506999998e-15, 6.2179621974e-16, 2.5236563329999998e-05, -2.4771241363e-06, -1.59792834e-08, 9.8823189366e-10]
[0.0, -1.9211791329918002e-12, -1.836191245482e-13, 4.5739064547e-11, -1.7346266487e-10, -1.818330723e-15, 9.38238466e-16, 2.29423303e-05, -2.04721003e-06, -1.74014396226e-08, 9.8823189366e-10]
[0.0, -1.58775134958e-12, -2.28980078e-13, 4.1580967770000004e-11, -1.927362943e-10, -2.0001637952999997e-15, 7.5997315746e-16, 2.2712906997e-05, -1.6582401243e-06, -1.9334932914000003e-08, 8.89408704294e-10]
[0.0, -1.603789242e-12, -2.04021249498e-13, 4.1165158092300007e-11, -1.7346266487e-10, -2.20018017483e-15, 9.38238466e-16, 2.7482617466369998e-05, -1.8424890269999998e-06, -1.4381355060000001e-08, 9.8823189366e-10]
[0.0, -1.4434103178e-12, -2.518780858e-13, 4.1580967770000004e-11, -1.927362943e-10, -2.0001637952999997e-15, 6.2179621974e-16, 2.5236563329999998e-05, -2.251931033e-06, -1.4381355060000001e-08, 9.8823189366e-10]
[0.0, -1.29906928602e-12, -1.8547386318e-13, 5.082118283e-11, -2.1200992372999998e-10, -1.8183307229999997e-15, 9.38238466e-16, 2.29423303e-05, -2.04721003e-06, -1.5819490566e-08, 1.0980354374e-09]
[0.0, -1.9211791329918002e-12, -2.04021249498e-13, 4.1580967770000004e-11, -2.1200992372999998e-10, -1.6364976507000002e-15, 9.38238466e-16, 2.2485777927029996e-05, -2.0267379296999997e-06, -1.2943219554e-08, 8.983926306e-10]
[0.0, -1.4434103178e-12, -2.28980078e-13, 4.1580967770000004e-11, -1.927362943e-10, -2.0001637952999997e-15, 8.444146194e-16, 2.064809727e-05, -1.8424890269999998e-06, -1.7401439622600003e-08, 8.89408704294e-10]
[0.0, -1.603789242e-12, -1.8547386318e-13, 3.7422870993000005e-11, -1.927362943e-10, -1.8001474157699996e-15, 9.38238466e-16, 2.4984197696699997e-05, -1.6582401243e-06, -1.2943219554e-08, 9.8823189366e-10]
[0.0, -1.58775134958e-12, -2.518780858e-13, 4.1580967770000004e-11, -1.927362943e-10, -2.0001637952999997e-15, 6.83975841714e-16, 2.2712906997e-05, -2.251931033e-06, -1.757721174e-08, 9.8823189366e-10]
Min of Generation: 6 :  573231266843.8998
Best vector of this gen  [ 0.00000000e+00 -1.58775135e-12 -2.28980078e-13  4.15809678e-11
 -1.92736294e-10 -2.00016380e-15  7.59973157e-16  2.27129070e-05
 -1.65824012e-06 -1.93349329e-08  8.89408704e-10]

Generation:  7
Intial popln: 
[0.0, -1.9211791329918002e-12, -1.836191245482e-13, 4.5739064547e-11, -1.7346266487e-10, -1.818330723e-15, 9.38238466e-16, 2.29423303e-05, -2.04721003e-06, -1.74014396226e-08, 9.8823189366e-10]
[0.0, -1.58775134958e-12, -2.518780858e-13, 4.1580967770000004e-11, -1.927362943e-10, -2.0001637952999997e-15, 6.83975841714e-16, 2.2712906997e-05, -2.251931033e-06, -1.757721174e-08, 9.8823189366e-10]
[0.0, -1.9211791329918002e-12, -2.04021249498e-13, 4.1580967770000004e-11, -2.1200992372999998e-10, -1.6364976507000002e-15, 9.38238466e-16, 2.2485777927029996e-05, -2.0267379296999997e-06, -1.2943219554e-08, 8.983926306e-10]
[0.0, -1.4434103178e-12, -2.28980078e-13, 4.1580967770000004e-11, -1.927362943e-10, -2.0001637952999997e-15, 8.444146194e-16, 2.064809727e-05, -1.8424890269999998e-06, -1.7401439622600003e-08, 8.89408704294e-10]
[0.0, -1.603789242e-12, -2.04021249498e-13, 4.1165158092300007e-11, -1.7346266487e-10, -2.20018017483e-15, 9.38238466e-16, 2.7482617466369998e-05, -1.8424890269999998e-06, -1.4381355060000001e-08, 9.8823189366e-10]
[0.0, -1.29906928602e-12, -1.8547386318e-13, 5.082118283e-11, -2.1200992372999998e-10, -1.8183307229999997e-15, 9.38238466e-16, 2.29423303e-05, -2.04721003e-06, -1.5819490566e-08, 1.0980354374e-09]
[0.0, -1.603789242e-12, -1.8547386318e-13, 3.7422870993000005e-11, -1.927362943e-10, -1.8001474157699996e-15, 9.38238466e-16, 2.4984197696699997e-05, -1.6582401243e-06, -1.2943219554e-08, 9.8823189366e-10]
[0.0, -1.4434103178e-12, -2.518780858e-13, 4.1580967770000004e-11, -1.927362943e-10, -2.0001637952999997e-15, 6.2179621974e-16, 2.5236563329999998e-05, -2.251931033e-06, -1.4381355060000001e-08, 9.8823189366e-10]
[0.0, -1.58775134958e-12, -2.28980078e-13, 4.1580967770000004e-11, -1.927362943e-10, -2.0001637952999997e-15, 7.5997315746e-16, 2.2712906997e-05, -1.6582401243e-06, -1.9334932914000003e-08, 8.89408704294e-10]
[0.0, -1.29906928602e-12, -1.8547386318e-13, 5.5903301113e-11, -1.927362943e-10, -1.6364976506999998e-15, 6.2179621974e-16, 2.5236563329999998e-05, -2.4771241363e-06, -1.59792834e-08, 9.8823189366e-10]

After Selection:
[0.0, -1.9211791329918002e-12, -1.836191245482e-13, 4.5739064547e-11, -1.7346266487e-10, -1.818330723e-15, 9.38238466e-16, 2.29423303e-05, -2.04721003e-06, -1.74014396226e-08, 9.8823189366e-10]
[0.0, -1.58775134958e-12, -2.518780858e-13, 4.1580967770000004e-11, -1.927362943e-10, -2.0001637952999997e-15, 6.83975841714e-16, 2.2712906997e-05, -2.251931033e-06, -1.757721174e-08, 9.8823189366e-10]
[0.0, -1.9211791329918002e-12, -2.04021249498e-13, 4.1580967770000004e-11, -2.1200992372999998e-10, -1.6364976507000002e-15, 9.38238466e-16, 2.2485777927029996e-05, -2.0267379296999997e-06, -1.2943219554e-08, 8.983926306e-10]
[0.0, -1.4434103178e-12, -2.28980078e-13, 4.1580967770000004e-11, -1.927362943e-10, -2.0001637952999997e-15, 8.444146194e-16, 2.064809727e-05, -1.8424890269999998e-06, -1.7401439622600003e-08, 8.89408704294e-10]
[0.0, -1.603789242e-12, -2.04021249498e-13, 4.1165158092300007e-11, -1.7346266487e-10, -2.20018017483e-15, 9.38238466e-16, 2.7482617466369998e-05, -1.8424890269999998e-06, -1.4381355060000001e-08, 9.8823189366e-10]

After CrossOver:
[0.0, -1.9211791329918002e-12, -1.836191245482e-13, 4.5739064547e-11, -1.7346266487e-10, -1.818330723e-15, 9.38238466e-16, 2.29423303e-05, -2.04721003e-06, -1.74014396226e-08, 9.8823189366e-10]
[0.0, -1.58775134958e-12, -2.518780858e-13, 4.1580967770000004e-11, -1.927362943e-10, -2.0001637952999997e-15, 6.83975841714e-16, 2.2712906997e-05, -2.251931033e-06, -1.757721174e-08, 9.8823189366e-10]
[0.0, -1.9211791329918002e-12, -2.04021249498e-13, 4.1580967770000004e-11, -2.1200992372999998e-10, -1.6364976507000002e-15, 8.444146194e-16, 2.064809727e-05, -1.8424890269999998e-06, -1.7401439622600003e-08, 8.89408704294e-10]
[0.0, -1.4434103178e-12, -2.28980078e-13, 4.1580967770000004e-11, -1.927362943e-10, -2.0001637952999997e-15, 9.38238466e-16, 2.7482617466369998e-05, -1.8424890269999998e-06, -1.4381355060000001e-08, 9.8823189366e-10]
[0.0, -1.603789242e-12, -2.04021249498e-13, 4.1165158092300007e-11, -1.7346266487e-10, -2.20018017483e-15, 9.38238466e-16, 2.29423303e-05, -2.04721003e-06, -1.74014396226e-08, 9.8823189366e-10]
[0.0, -1.9211791329918002e-12, -1.836191245482e-13, 4.5739064547e-11, -1.7346266487e-10, -1.818330723e-15, 6.83975841714e-16, 2.2712906997e-05, -2.251931033e-06, -1.757721174e-08, 9.8823189366e-10]
[0.0, -1.58775134958e-12, -2.518780858e-13, 4.1580967770000004e-11, -1.927362943e-10, -2.0001637952999997e-15, 9.38238466e-16, 2.2485777927029996e-05, -2.0267379296999997e-06, -1.2943219554e-08, 8.983926306e-10]
[0.0, -1.9211791329918002e-12, -2.04021249498e-13, 4.1580967770000004e-11, -2.1200992372999998e-10, -1.6364976507000002e-15, 8.444146194e-16, 2.064809727e-05, -1.8424890269999998e-06, -1.7401439622600003e-08, 8.89408704294e-10]
[0.0, -1.4434103178e-12, -2.28980078e-13, 4.1580967770000004e-11, -1.927362943e-10, -2.0001637952999997e-15, 9.38238466e-16, 2.7482617466369998e-05, -1.8424890269999998e-06, -1.4381355060000001e-08, 9.8823189366e-10]
[0.0, -1.603789242e-12, -2.04021249498e-13, 4.1165158092300007e-11, -1.7346266487e-10, -2.20018017483e-15, 9.38238466e-16, 2.29423303e-05, -2.04721003e-06, -1.74014396226e-08, 9.8823189366e-10]

After Mutation:
[0.0, -1.9211791329918002e-12, -1.836191245482e-13, 4.11651580923e-11, -1.7346266487e-10, -2.0001637953e-15, 8.444146194e-16, 2.29423303e-05, -2.04721003e-06, -1.914158358486e-08, 9.8823189366e-10]
[0.0, -1.746526484538e-12, -2.7706589437999997e-13, 4.1580967770000004e-11, -1.927362943e-10, -2.0001637952999997e-15, 6.83975841714e-16, 2.2712906997e-05, -2.0267379296999997e-06, -1.757721174e-08, 9.8823189366e-10]
[0.0, -1.9211791329918002e-12, -2.2442337444780001e-13, 4.1580967770000004e-11, -1.9080893135699998e-10, -1.8001474157700004e-15, 8.444146194e-16, 2.064809727e-05, -1.8424890269999998e-06, -1.7401439622600003e-08, 8.89408704294e-10]
[0.0, -1.4434103178e-12, -2.28980078e-13, 4.1580967770000004e-11, -1.927362943e-10, -2.0001637952999997e-15, 9.38238466e-16, 2.7482617466369998e-05, -1.8424890269999998e-06, -1.4381355060000001e-08, 8.89408704294e-10]
[0.0, -1.603789242e-12, -2.04021249498e-13, 4.1165158092300007e-11, -1.7346266487e-10, -2.420198192313e-15, 9.38238466e-16, 2.29423303e-05, -2.04721003e-06, -1.74014396226e-08, 1.087055083026e-09]
[0.0, -1.9211791329918002e-12, -1.836191245482e-13, 5.0312971001700006e-11, -1.7346266487e-10, -2.0001637953e-15, 7.523734258853999e-16, 2.4984197696699997e-05, -2.0267379296999997e-06, -1.5819490566e-08, 1.087055083026e-09]
[0.0, -1.428976214622e-12, -2.518780858e-13, 3.7422870993000005e-11, -2.1200992372999998e-10, -2.20018017483e-15, 9.38238466e-16, 2.2485777927029996e-05, -2.0267379296999997e-06, -1.2943219554e-08, 8.0855336754e-10]
[0.0, -1.9211791329918002e-12, -2.04021249498e-13, 4.1580967770000004e-11, -2.1200992372999998e-10, -1.6364976507000002e-15, 8.444146194e-16, 1.8583287543e-05, -2.0267379296999997e-06, -1.7401439622600003e-08, 8.89408704294e-10]
[0.0, -1.58775134958e-12, -2.518780858e-13, 4.1580967770000004e-11, -1.927362943e-10, -2.0001637952999997e-15, 9.38238466e-16, 2.7482617466369998e-05, -1.6582401243e-06, -1.4381355060000001e-08, 9.8823189366e-10]
[0.0, -1.603789242e-12, -2.04021249498e-13, 4.1165158092300007e-11, -1.7346266487e-10, -2.20018017483e-15, 9.38238466e-16, 2.064809727e-05, -2.04721003e-06, -1.74014396226e-08, 9.8823189366e-10]
Min of Generation: 7 :  1486768365821.6465
Best vector of this gen  [ 0.00000000e+00 -1.74652648e-12 -2.77065894e-13  4.15809678e-11
 -1.92736294e-10 -2.00016380e-15  6.83975842e-16  2.27129070e-05
 -2.02673793e-06 -1.75772117e-08  9.88231894e-10]

Generation:  8
Intial popln: 
[0.0, -1.603789242e-12, -2.04021249498e-13, 4.1165158092300007e-11, -1.7346266487e-10, -2.420198192313e-15, 9.38238466e-16, 2.29423303e-05, -2.04721003e-06, -1.74014396226e-08, 1.087055083026e-09]
[0.0, -1.9211791329918002e-12, -2.2442337444780001e-13, 4.1580967770000004e-11, -1.9080893135699998e-10, -1.8001474157700004e-15, 8.444146194e-16, 2.064809727e-05, -1.8424890269999998e-06, -1.7401439622600003e-08, 8.89408704294e-10]
[0.0, -1.58775134958e-12, -2.518780858e-13, 4.1580967770000004e-11, -1.927362943e-10, -2.0001637952999997e-15, 9.38238466e-16, 2.7482617466369998e-05, -1.6582401243e-06, -1.4381355060000001e-08, 9.8823189366e-10]
[0.0, -1.4434103178e-12, -2.28980078e-13, 4.1580967770000004e-11, -1.927362943e-10, -2.0001637952999997e-15, 9.38238466e-16, 2.7482617466369998e-05, -1.8424890269999998e-06, -1.4381355060000001e-08, 8.89408704294e-10]
[0.0, -1.603789242e-12, -2.04021249498e-13, 4.1165158092300007e-11, -1.7346266487e-10, -2.20018017483e-15, 9.38238466e-16, 2.064809727e-05, -2.04721003e-06, -1.74014396226e-08, 9.8823189366e-10]
[0.0, -1.746526484538e-12, -2.7706589437999997e-13, 4.1580967770000004e-11, -1.927362943e-10, -2.0001637952999997e-15, 6.83975841714e-16, 2.2712906997e-05, -2.0267379296999997e-06, -1.757721174e-08, 9.8823189366e-10]
[0.0, -1.428976214622e-12, -2.518780858e-13, 3.7422870993000005e-11, -2.1200992372999998e-10, -2.20018017483e-15, 9.38238466e-16, 2.2485777927029996e-05, -2.0267379296999997e-06, -1.2943219554e-08, 8.0855336754e-10]
[0.0, -1.9211791329918002e-12, -1.836191245482e-13, 4.11651580923e-11, -1.7346266487e-10, -2.0001637953e-15, 8.444146194e-16, 2.29423303e-05, -2.04721003e-06, -1.914158358486e-08, 9.8823189366e-10]
[0.0, -1.9211791329918002e-12, -1.836191245482e-13, 5.0312971001700006e-11, -1.7346266487e-10, -2.0001637953e-15, 7.523734258853999e-16, 2.4984197696699997e-05, -2.0267379296999997e-06, -1.5819490566e-08, 1.087055083026e-09]
[0.0, -1.9211791329918002e-12, -2.04021249498e-13, 4.1580967770000004e-11, -2.1200992372999998e-10, -1.6364976507000002e-15, 8.444146194e-16, 1.8583287543e-05, -2.0267379296999997e-06, -1.7401439622600003e-08, 8.89408704294e-10]

After Selection:
[0.0, -1.603789242e-12, -2.04021249498e-13, 4.1165158092300007e-11, -1.7346266487e-10, -2.420198192313e-15, 9.38238466e-16, 2.29423303e-05, -2.04721003e-06, -1.74014396226e-08, 1.087055083026e-09]
[0.0, -1.9211791329918002e-12, -2.2442337444780001e-13, 4.1580967770000004e-11, -1.9080893135699998e-10, -1.8001474157700004e-15, 8.444146194e-16, 2.064809727e-05, -1.8424890269999998e-06, -1.7401439622600003e-08, 8.89408704294e-10]
[0.0, -1.58775134958e-12, -2.518780858e-13, 4.1580967770000004e-11, -1.927362943e-10, -2.0001637952999997e-15, 9.38238466e-16, 2.7482617466369998e-05, -1.6582401243e-06, -1.4381355060000001e-08, 9.8823189366e-10]
[0.0, -1.4434103178e-12, -2.28980078e-13, 4.1580967770000004e-11, -1.927362943e-10, -2.0001637952999997e-15, 9.38238466e-16, 2.7482617466369998e-05, -1.8424890269999998e-06, -1.4381355060000001e-08, 8.89408704294e-10]
[0.0, -1.603789242e-12, -2.04021249498e-13, 4.1165158092300007e-11, -1.7346266487e-10, -2.20018017483e-15, 9.38238466e-16, 2.064809727e-05, -2.04721003e-06, -1.74014396226e-08, 9.8823189366e-10]

After CrossOver:
[0.0, -1.603789242e-12, -2.04021249498e-13, 4.1165158092300007e-11, -1.7346266487e-10, -2.420198192313e-15, 9.38238466e-16, 2.29423303e-05, -2.04721003e-06, -1.74014396226e-08, 1.087055083026e-09]
[0.0, -1.9211791329918002e-12, -2.2442337444780001e-13, 4.1580967770000004e-11, -1.9080893135699998e-10, -1.8001474157700004e-15, 8.444146194e-16, 2.064809727e-05, -1.8424890269999998e-06, -1.7401439622600003e-08, 8.89408704294e-10]
[0.0, -1.58775134958e-12, -2.518780858e-13, 4.1580967770000004e-11, -1.927362943e-10, -2.0001637952999997e-15, 9.38238466e-16, 2.7482617466369998e-05, -1.8424890269999998e-06, -1.4381355060000001e-08, 8.89408704294e-10]
[0.0, -1.4434103178e-12, -2.28980078e-13, 4.1580967770000004e-11, -1.927362943e-10, -2.0001637952999997e-15, 9.38238466e-16, 2.064809727e-05, -2.04721003e-06, -1.74014396226e-08, 9.8823189366e-10]
[0.0, -1.603789242e-12, -2.04021249498e-13, 4.1165158092300007e-11, -1.7346266487e-10, -2.20018017483e-15, 9.38238466e-16, 2.29423303e-05, -2.04721003e-06, -1.74014396226e-08, 1.087055083026e-09]
[0.0, -1.603789242e-12, -2.04021249498e-13, 4.1165158092300007e-11, -1.7346266487e-10, -2.420198192313e-15, 8.444146194e-16, 2.064809727e-05, -1.8424890269999998e-06, -1.7401439622600003e-08, 8.89408704294e-10]
[0.0, -1.9211791329918002e-12, -2.2442337444780001e-13, 4.1580967770000004e-11, -1.9080893135699998e-10, -1.8001474157700004e-15, 9.38238466e-16, 2.7482617466369998e-05, -1.6582401243e-06, -1.4381355060000001e-08, 9.8823189366e-10]
[0.0, -1.58775134958e-12, -2.518780858e-13, 4.1580967770000004e-11, -1.927362943e-10, -2.0001637952999997e-15, 9.38238466e-16, 2.7482617466369998e-05, -1.8424890269999998e-06, -1.4381355060000001e-08, 8.89408704294e-10]
[0.0, -1.4434103178e-12, -2.28980078e-13, 4.1580967770000004e-11, -1.927362943e-10, -2.0001637952999997e-15, 9.38238466e-16, 2.064809727e-05, -2.04721003e-06, -1.74014396226e-08, 9.8823189366e-10]
[0.0, -1.603789242e-12, -2.04021249498e-13, 4.1165158092300007e-11, -1.7346266487e-10, -2.20018017483e-15, 9.38238466e-16, 2.29423303e-05, -2.04721003e-06, -1.74014396226e-08, 1.087055083026e-09]

After Mutation:
[0.0, -1.7641681662e-12, -2.2442337444780001e-13, 4.1165158092300007e-11, -1.7346266487e-10, -2.420198192313e-15, 8.444146194e-16, 2.064809727e-05, -1.8424890269999998e-06, -1.74014396226e-08, 9.783495747234e-10]
[0.0, -1.9211791329918002e-12, -2.0198103700302e-13, 4.1580967770000004e-11, -1.9080893135699998e-10, -1.8001474157700004e-15, 8.444146194e-16, 2.064809727e-05, -1.6582401243e-06, -1.7401439622600003e-08, 8.004678338645999e-10]
[0.0, -1.428976214622e-12, -2.518780858e-13, 4.1580967770000004e-11, -1.927362943e-10, -1.8001474157699996e-15, 9.38238466e-16, 2.7482617466369998e-05, -1.8424890269999998e-06, -1.5819490566e-08, 8.89408704294e-10]
[0.0, -1.4434103178e-12, -2.28980078e-13, 4.1580967770000004e-11, -1.927362943e-10, -2.0001637952999997e-15, 9.38238466e-16, 2.064809727e-05, -2.251931033e-06, -1.74014396226e-08, 1.087055083026e-09]
[0.0, -1.603789242e-12, -2.04021249498e-13, 4.1165158092300007e-11, -1.7346266487e-10, -1.980162157347e-15, 9.38238466e-16, 2.29423303e-05, -2.04721003e-06, -1.74014396226e-08, 9.783495747234e-10]
[0.0, -1.603789242e-12, -2.04021249498e-13, 4.1165158092300007e-11, -1.7346266487e-10, -2.420198192313e-15, 9.2885608134e-16, 2.064809727e-05, -1.8424890269999998e-06, -1.7401439622600003e-08, 8.89408704294e-10]
[0.0, -1.7290612196926202e-12, -2.0198103700302e-13, 4.5739064547e-11, -2.0988982449269999e-10, -1.8001474157700004e-15, 9.38238466e-16, 2.7482617466369998e-05, -1.4924161118699998e-06, -1.2943219554e-08, 1.087055083026e-09]
[0.0, -1.58775134958e-12, -2.7706589437999997e-13, 3.7422870993000005e-11, -1.927362943e-10, -2.0001637952999997e-15, 9.38238466e-16, 2.7482617466369998e-05, -1.6582401243e-06, -1.2943219554e-08, 8.004678338645999e-10]
[0.0, -1.4434103178e-12, -2.518780858e-13, 4.5739064547e-11, -1.927362943e-10, -2.0001637952999997e-15, 9.38238466e-16, 2.064809727e-05, -1.8424890269999998e-06, -1.914158358486e-08, 9.8823189366e-10]
[0.0, -1.603789242e-12, -2.04021249498e-13, 4.1165158092300007e-11, -1.7346266487e-10, -2.20018017483e-15, 9.38238466e-16, 2.29423303e-05, -1.8424890269999998e-06, -1.74014396226e-08, 1.087055083026e-09]
Min of Generation: 8 :  485494370237.7466
Best vector of this gen  [ 0.00000000e+00 -1.44341032e-12 -2.51878086e-13  4.57390645e-11
 -1.92736294e-10 -2.00016380e-15  9.38238466e-16  2.06480973e-05
 -1.84248903e-06 -1.91415836e-08  9.88231894e-10]

Generation:  9
Intial popln: 
[0.0, -1.603789242e-12, -2.04021249498e-13, 4.1165158092300007e-11, -1.7346266487e-10, -2.20018017483e-15, 9.38238466e-16, 2.29423303e-05, -1.8424890269999998e-06, -1.74014396226e-08, 1.087055083026e-09]
[0.0, -1.4434103178e-12, -2.518780858e-13, 4.5739064547e-11, -1.927362943e-10, -2.0001637952999997e-15, 9.38238466e-16, 2.064809727e-05, -1.8424890269999998e-06, -1.914158358486e-08, 9.8823189366e-10]
[0.0, -1.428976214622e-12, -2.518780858e-13, 4.1580967770000004e-11, -1.927362943e-10, -1.8001474157699996e-15, 9.38238466e-16, 2.7482617466369998e-05, -1.8424890269999998e-06, -1.5819490566e-08, 8.89408704294e-10]
[0.0, -1.4434103178e-12, -2.28980078e-13, 4.1580967770000004e-11, -1.927362943e-10, -2.0001637952999997e-15, 9.38238466e-16, 2.064809727e-05, -2.251931033e-06, -1.74014396226e-08, 1.087055083026e-09]
[0.0, -1.603789242e-12, -2.04021249498e-13, 4.1165158092300007e-11, -1.7346266487e-10, -1.980162157347e-15, 9.38238466e-16, 2.29423303e-05, -2.04721003e-06, -1.74014396226e-08, 9.783495747234e-10]
[0.0, -1.7641681662e-12, -2.2442337444780001e-13, 4.1165158092300007e-11, -1.7346266487e-10, -2.420198192313e-15, 8.444146194e-16, 2.064809727e-05, -1.8424890269999998e-06, -1.74014396226e-08, 9.783495747234e-10]
[0.0, -1.9211791329918002e-12, -2.0198103700302e-13, 4.1580967770000004e-11, -1.9080893135699998e-10, -1.8001474157700004e-15, 8.444146194e-16, 2.064809727e-05, -1.6582401243e-06, -1.7401439622600003e-08, 8.004678338645999e-10]
[0.0, -1.58775134958e-12, -2.7706589437999997e-13, 3.7422870993000005e-11, -1.927362943e-10, -2.0001637952999997e-15, 9.38238466e-16, 2.7482617466369998e-05, -1.6582401243e-06, -1.2943219554e-08, 8.004678338645999e-10]
[0.0, -1.7290612196926202e-12, -2.0198103700302e-13, 4.5739064547e-11, -2.0988982449269999e-10, -1.8001474157700004e-15, 9.38238466e-16, 2.7482617466369998e-05, -1.4924161118699998e-06, -1.2943219554e-08, 1.087055083026e-09]
[0.0, -1.603789242e-12, -2.04021249498e-13, 4.1165158092300007e-11, -1.7346266487e-10, -2.420198192313e-15, 9.2885608134e-16, 2.064809727e-05, -1.8424890269999998e-06, -1.7401439622600003e-08, 8.89408704294e-10]

After Selection:
[0.0, -1.603789242e-12, -2.04021249498e-13, 4.1165158092300007e-11, -1.7346266487e-10, -2.20018017483e-15, 9.38238466e-16, 2.29423303e-05, -1.8424890269999998e-06, -1.74014396226e-08, 1.087055083026e-09]
[0.0, -1.4434103178e-12, -2.518780858e-13, 4.5739064547e-11, -1.927362943e-10, -2.0001637952999997e-15, 9.38238466e-16, 2.064809727e-05, -1.8424890269999998e-06, -1.914158358486e-08, 9.8823189366e-10]
[0.0, -1.428976214622e-12, -2.518780858e-13, 4.1580967770000004e-11, -1.927362943e-10, -1.8001474157699996e-15, 9.38238466e-16, 2.7482617466369998e-05, -1.8424890269999998e-06, -1.5819490566e-08, 8.89408704294e-10]
[0.0, -1.4434103178e-12, -2.28980078e-13, 4.1580967770000004e-11, -1.927362943e-10, -2.0001637952999997e-15, 9.38238466e-16, 2.064809727e-05, -2.251931033e-06, -1.74014396226e-08, 1.087055083026e-09]
[0.0, -1.603789242e-12, -2.04021249498e-13, 4.1165158092300007e-11, -1.7346266487e-10, -1.980162157347e-15, 9.38238466e-16, 2.29423303e-05, -2.04721003e-06, -1.74014396226e-08, 9.783495747234e-10]

After CrossOver:
[0.0, -1.603789242e-12, -2.04021249498e-13, 4.1165158092300007e-11, -1.7346266487e-10, -2.20018017483e-15, 9.38238466e-16, 2.29423303e-05, -1.8424890269999998e-06, -1.74014396226e-08, 1.087055083026e-09]
[0.0, -1.4434103178e-12, -2.518780858e-13, 4.5739064547e-11, -1.927362943e-10, -2.0001637952999997e-15, 9.38238466e-16, 2.064809727e-05, -1.8424890269999998e-06, -1.914158358486e-08, 9.8823189366e-10]
[0.0, -1.428976214622e-12, -2.518780858e-13, 4.1580967770000004e-11, -1.927362943e-10, -1.8001474157699996e-15, 9.38238466e-16, 2.064809727e-05, -2.251931033e-06, -1.74014396226e-08, 1.087055083026e-09]
[0.0, -1.4434103178e-12, -2.28980078e-13, 4.1580967770000004e-11, -1.927362943e-10, -2.0001637952999997e-15, 9.38238466e-16, 2.29423303e-05, -2.04721003e-06, -1.74014396226e-08, 9.783495747234e-10]
[0.0, -1.603789242e-12, -2.04021249498e-13, 4.1165158092300007e-11, -1.7346266487e-10, -1.980162157347e-15, 9.38238466e-16, 2.29423303e-05, -1.8424890269999998e-06, -1.74014396226e-08, 1.087055083026e-09]
[0.0, -1.603789242e-12, -2.04021249498e-13, 4.1165158092300007e-11, -1.7346266487e-10, -2.20018017483e-15, 9.38238466e-16, 2.064809727e-05, -1.8424890269999998e-06, -1.914158358486e-08, 9.8823189366e-10]
[0.0, -1.4434103178e-12, -2.518780858e-13, 4.5739064547e-11, -1.927362943e-10, -2.0001637952999997e-15, 9.38238466e-16, 2.7482617466369998e-05, -1.8424890269999998e-06, -1.5819490566e-08, 8.89408704294e-10]
[0.0, -1.428976214622e-12, -2.518780858e-13, 4.1580967770000004e-11, -1.927362943e-10, -1.8001474157699996e-15, 9.38238466e-16, 2.064809727e-05, -2.251931033e-06, -1.74014396226e-08, 1.087055083026e-09]
[0.0, -1.4434103178e-12, -2.28980078e-13, 4.1580967770000004e-11, -1.927362943e-10, -2.0001637952999997e-15, 9.38238466e-16, 2.29423303e-05, -2.04721003e-06, -1.74014396226e-08, 9.783495747234e-10]
[0.0, -1.603789242e-12, -2.04021249498e-13, 4.1165158092300007e-11, -1.7346266487e-10, -1.980162157347e-15, 9.38238466e-16, 2.29423303e-05, -1.8424890269999998e-06, -1.74014396226e-08, 1.087055083026e-09]

After Mutation:
[0.0, -1.603789242e-12, -1.836191245482e-13, 4.1165158092300007e-11, -1.7346266487e-10, -2.20018017483e-15, 9.38238466e-16, 2.29423303e-05, -1.6582401243e-06, -1.74014396226e-08, 1.1957605913285999e-09]
[0.0, -1.58775134958e-12, -2.518780858e-13, 4.5739064547e-11, -2.1200992372999998e-10, -2.0001637952999997e-15, 9.38238466e-16, 2.064809727e-05, -1.8424890269999998e-06, -1.914158358486e-08, 9.8823189366e-10]
[0.0, -1.428976214622e-12, -2.7706589437999997e-13, 4.1580967770000004e-11, -1.927362943e-10, -1.8001474157699996e-15, 9.38238466e-16, 2.064809727e-05, -2.251931033e-06, -1.74014396226e-08, 9.783495747234e-10]
[0.0, -1.4434103178e-12, -2.28980078e-13, 4.5739064547e-11, -1.927362943e-10, -2.0001637952999997e-15, 1.0320623126e-15, 2.29423303e-05, -1.8424890269999998e-06, -1.74014396226e-08, 9.783495747234e-10]
[0.0, -1.603789242e-12, -2.04021249498e-13, 4.1165158092300007e-11, -1.90808931357e-10, -1.7821459416123e-15, 9.38238466e-16, 2.29423303e-05, -2.0267379296999997e-06, -1.74014396226e-08, 1.087055083026e-09]
[0.0, -1.7641681662e-12, -2.04021249498e-13, 4.528167390153001e-11, -1.90808931357e-10, -2.20018017483e-15, 9.38238466e-16, 2.064809727e-05, -1.8424890269999998e-06, -1.914158358486e-08, 9.8823189366e-10]
[0.0, -1.4434103178e-12, -2.518780858e-13, 4.11651580923e-11, -1.927362943e-10, -2.0001637952999997e-15, 9.38238466e-16, 3.0230879213007e-05, -1.6582401243e-06, -1.74014396226e-08, 8.89408704294e-10]
[0.0, -1.428976214622e-12, -2.518780858e-13, 4.1580967770000004e-11, -1.927362943e-10, -1.8001474157699996e-15, 8.444146194e-16, 2.064809727e-05, -2.251931033e-06, -1.74014396226e-08, 9.783495747234e-10]
[0.0, -1.4434103178e-12, -2.28980078e-13, 4.1580967770000004e-11, -1.927362943e-10, -2.0001637952999997e-15, 9.38238466e-16, 2.29423303e-05, -2.04721003e-06, -1.566129566034e-08, 9.783495747234e-10]
[0.0, -1.7641681662e-12, -2.04021249498e-13, 4.528167390153001e-11, -1.90808931357e-10, -2.1781783730817e-15, 9.38238466e-16, 2.29423303e-05, -1.6582401243e-06, -1.914158358486e-08, 1.087055083026e-09]
Min of Generation: 9 :  340409122397.4623
Best vector of this gen  [ 0.00000000e+00 -1.44341032e-12 -2.28980078e-13  4.15809678e-11
 -1.92736294e-10 -2.00016380e-15  9.38238466e-16  2.29423303e-05
 -2.04721003e-06 -1.56612957e-08  9.78349575e-10]

Generation:  10
Intial popln: 
[0.0, -1.7641681662e-12, -2.04021249498e-13, 4.528167390153001e-11, -1.90808931357e-10, -2.1781783730817e-15, 9.38238466e-16, 2.29423303e-05, -1.6582401243e-06, -1.914158358486e-08, 1.087055083026e-09]
[0.0, -1.58775134958e-12, -2.518780858e-13, 4.5739064547e-11, -2.1200992372999998e-10, -2.0001637952999997e-15, 9.38238466e-16, 2.064809727e-05, -1.8424890269999998e-06, -1.914158358486e-08, 9.8823189366e-10]
[0.0, -1.4434103178e-12, -2.518780858e-13, 4.11651580923e-11, -1.927362943e-10, -2.0001637952999997e-15, 9.38238466e-16, 3.0230879213007e-05, -1.6582401243e-06, -1.74014396226e-08, 8.89408704294e-10]
[0.0, -1.4434103178e-12, -2.28980078e-13, 4.5739064547e-11, -1.927362943e-10, -2.0001637952999997e-15, 1.0320623126e-15, 2.29423303e-05, -1.8424890269999998e-06, -1.74014396226e-08, 9.783495747234e-10]
[0.0, -1.603789242e-12, -2.04021249498e-13, 4.1165158092300007e-11, -1.90808931357e-10, -1.7821459416123e-15, 9.38238466e-16, 2.29423303e-05, -2.0267379296999997e-06, -1.74014396226e-08, 1.087055083026e-09]
[0.0, -1.428976214622e-12, -2.7706589437999997e-13, 4.1580967770000004e-11, -1.927362943e-10, -1.8001474157699996e-15, 9.38238466e-16, 2.064809727e-05, -2.251931033e-06, -1.74014396226e-08, 9.783495747234e-10]
[0.0, -1.7641681662e-12, -2.04021249498e-13, 4.528167390153001e-11, -1.90808931357e-10, -2.20018017483e-15, 9.38238466e-16, 2.064809727e-05, -1.8424890269999998e-06, -1.914158358486e-08, 9.8823189366e-10]
[0.0, -1.428976214622e-12, -2.518780858e-13, 4.1580967770000004e-11, -1.927362943e-10, -1.8001474157699996e-15, 8.444146194e-16, 2.064809727e-05, -2.251931033e-06, -1.74014396226e-08, 9.783495747234e-10]
[0.0, -1.603789242e-12, -1.836191245482e-13, 4.1165158092300007e-11, -1.7346266487e-10, -2.20018017483e-15, 9.38238466e-16, 2.29423303e-05, -1.6582401243e-06, -1.74014396226e-08, 1.1957605913285999e-09]
[0.0, -1.4434103178e-12, -2.28980078e-13, 4.1580967770000004e-11, -1.927362943e-10, -2.0001637952999997e-15, 9.38238466e-16, 2.29423303e-05, -2.04721003e-06, -1.566129566034e-08, 9.783495747234e-10]

After Selection:
[0.0, -1.7641681662e-12, -2.04021249498e-13, 4.528167390153001e-11, -1.90808931357e-10, -2.1781783730817e-15, 9.38238466e-16, 2.29423303e-05, -1.6582401243e-06, -1.914158358486e-08, 1.087055083026e-09]
[0.0, -1.58775134958e-12, -2.518780858e-13, 4.5739064547e-11, -2.1200992372999998e-10, -2.0001637952999997e-15, 9.38238466e-16, 2.064809727e-05, -1.8424890269999998e-06, -1.914158358486e-08, 9.8823189366e-10]
[0.0, -1.4434103178e-12, -2.518780858e-13, 4.11651580923e-11, -1.927362943e-10, -2.0001637952999997e-15, 9.38238466e-16, 3.0230879213007e-05, -1.6582401243e-06, -1.74014396226e-08, 8.89408704294e-10]
[0.0, -1.4434103178e-12, -2.28980078e-13, 4.5739064547e-11, -1.927362943e-10, -2.0001637952999997e-15, 1.0320623126e-15, 2.29423303e-05, -1.8424890269999998e-06, -1.74014396226e-08, 9.783495747234e-10]
[0.0, -1.603789242e-12, -2.04021249498e-13, 4.1165158092300007e-11, -1.90808931357e-10, -1.7821459416123e-15, 9.38238466e-16, 2.29423303e-05, -2.0267379296999997e-06, -1.74014396226e-08, 1.087055083026e-09]

After CrossOver:
[0.0, -1.7641681662e-12, -2.04021249498e-13, 4.528167390153001e-11, -1.90808931357e-10, -2.1781783730817e-15, 9.38238466e-16, 2.29423303e-05, -1.6582401243e-06, -1.914158358486e-08, 1.087055083026e-09]
[0.0, -1.58775134958e-12, -2.518780858e-13, 4.5739064547e-11, -2.1200992372999998e-10, -2.0001637952999997e-15, 9.38238466e-16, 2.064809727e-05, -1.8424890269999998e-06, -1.914158358486e-08, 9.8823189366e-10]
[0.0, -1.4434103178e-12, -2.518780858e-13, 4.11651580923e-11, -1.927362943e-10, -2.0001637952999997e-15, 1.0320623126e-15, 2.29423303e-05, -1.8424890269999998e-06, -1.74014396226e-08, 9.783495747234e-10]
[0.0, -1.4434103178e-12, -2.28980078e-13, 4.5739064547e-11, -1.927362943e-10, -2.0001637952999997e-15, 9.38238466e-16, 2.29423303e-05, -2.0267379296999997e-06, -1.74014396226e-08, 1.087055083026e-09]
[0.0, -1.603789242e-12, -2.04021249498e-13, 4.1165158092300007e-11, -1.90808931357e-10, -1.7821459416123e-15, 9.38238466e-16, 2.29423303e-05, -1.6582401243e-06, -1.914158358486e-08, 1.087055083026e-09]
[0.0, -1.7641681662e-12, -2.04021249498e-13, 4.528167390153001e-11, -1.90808931357e-10, -2.1781783730817e-15, 9.38238466e-16, 2.064809727e-05, -1.8424890269999998e-06, -1.914158358486e-08, 9.8823189366e-10]
[0.0, -1.58775134958e-12, -2.518780858e-13, 4.5739064547e-11, -2.1200992372999998e-10, -2.0001637952999997e-15, 9.38238466e-16, 3.0230879213007e-05, -1.6582401243e-06, -1.74014396226e-08, 8.89408704294e-10]
[0.0, -1.4434103178e-12, -2.518780858e-13, 4.11651580923e-11, -1.927362943e-10, -2.0001637952999997e-15, 1.0320623126e-15, 2.29423303e-05, -1.8424890269999998e-06, -1.74014396226e-08, 9.783495747234e-10]
[0.0, -1.4434103178e-12, -2.28980078e-13, 4.5739064547e-11, -1.927362943e-10, -2.0001637952999997e-15, 9.38238466e-16, 2.29423303e-05, -2.0267379296999997e-06, -1.74014396226e-08, 1.087055083026e-09]
[0.0, -1.603789242e-12, -2.04021249498e-13, 4.1165158092300007e-11, -1.90808931357e-10, -1.7821459416123e-15, 9.38238466e-16, 2.29423303e-05, -1.6582401243e-06, -1.914158358486e-08, 1.087055083026e-09]

After Mutation:
[0.0, -1.94058498282e-12, -2.04021249498e-13, 4.528167390153001e-11, -1.90808931357e-10, -2.1781783730817e-15, 9.38238466e-16, 2.064809727e-05, -1.82406413673e-06, -1.914158358486e-08, 9.783495747234e-10]
[0.0, -1.58775134958e-12, -2.518780858e-13, 4.11651580923e-11, -2.1200992372999998e-10, -2.20018017483e-15, 9.38238466e-16, 2.2712906997e-05, -1.8424890269999998e-06, -1.914158358486e-08, 9.8823189366e-10]
[0.0, -1.4434103178e-12, -2.518780858e-13, 4.11651580923e-11, -1.927362943e-10, -2.0001637952999997e-15, 1.0320623126e-15, 2.29423303e-05, -1.8424890269999998e-06, -1.74014396226e-08, 1.07618453219574e-09]
[0.0, -1.4434103178e-12, -2.518780858e-13, 4.11651580923e-11, -1.927362943e-10, -2.0001637952999997e-15, 8.444146194e-16, 2.29423303e-05, -2.0267379296999997e-06, -1.74014396226e-08, 9.783495747234e-10]
[0.0, -1.603789242e-12, -2.04021249498e-13, 4.1165158092300007e-11, -2.098898244927e-10, -1.7821459416123e-15, 8.444146194e-16, 2.29423303e-05, -1.4924161118699998e-06, -2.1055741943346e-08, 1.087055083026e-09]
[0.0, -1.7641681662e-12, -1.836191245482e-13, 4.980984129168301e-11, -1.717280382213e-10, -2.1781783730817e-15, 9.38238466e-16, 2.064809727e-05, -1.8424890269999998e-06, -2.1055741943346e-08, 8.89408704294e-10]
[0.0, -1.58775134958e-12, -2.518780858e-13, 4.5739064547e-11, -2.3321091610299996e-10, -2.0001637952999997e-15, 1.0320623126e-15, 3.0230879213007e-05, -1.6582401243e-06, -1.74014396226e-08, 8.89408704294e-10]
[0.0, -1.4434103178e-12, -2.518780858e-13, 4.11651580923e-11, -1.927362943e-10, -2.0001637952999997e-15, 1.0320623126e-15, 2.064809727e-05, -1.8424890269999998e-06, -1.74014396226e-08, 9.783495747234e-10]
[0.0, -1.29906928602e-12, -2.28980078e-13, 5.0312971001700006e-11, -1.927362943e-10, -2.0001637952999997e-15, 1.0320623126e-15, 2.29423303e-05, -2.22941172267e-06, -1.74014396226e-08, 1.087055083026e-09]
[0.0, -1.603789242e-12, -1.836191245482e-13, 4.1165158092300007e-11, -1.90808931357e-10, -1.7821459416123e-15, 9.38238466e-16, 2.29423303e-05, -1.4924161118699998e-06, -1.914158358486e-08, 9.783495747234e-10]
