[[ 0.00000000e+00 -1.26048563e-12 -1.65257212e-13  2.43076142e-11
  -1.25189740e-10 -1.80014742e-15  1.00140903e-15  2.42421421e-05
  -2.00647055e-06 -1.25587930e-08  8.80514618e-10]
 [ 0.00000000e+00 -1.40053959e-12 -1.65257212e-13  2.43076142e-11
  -1.37708714e-10 -2.00016380e-15  1.10154993e-15  2.69357134e-05
  -1.98640584e-06 -1.39542145e-08  8.80514618e-10]
 [ 0.00000000e+00 -1.40053959e-12 -1.65257212e-13  2.43076142e-11
  -1.37708714e-10 -2.00016380e-15  1.00140903e-15  2.69357134e-05
  -1.98640584e-06 -1.39542145e-08  8.80514618e-10]
 [ 0.00000000e+00 -1.54059355e-12 -1.83619124e-13  1.96891675e-11
  -1.25189740e-10 -1.62013268e-15  1.00140903e-15  2.69357134e-05
  -1.80582349e-06 -1.26856495e-08  7.92463156e-10]
 [ 0.00000000e+00 -1.54059355e-12 -1.65257212e-13  2.18768528e-11
  -1.25189740e-10 -1.80014742e-15  1.00140903e-15  2.69357134e-05
  -2.00647055e-06 -1.14170846e-08  7.92463156e-10]
 [ 0.00000000e+00 -1.40053959e-12 -1.65257212e-13  2.43076142e-11
  -1.25189740e-10 -2.20018018e-15  1.00140903e-15  2.69357134e-05
  -2.00647055e-06 -1.02753761e-08  8.80514618e-10]
 [ 0.00000000e+00 -1.69465290e-12 -2.22179140e-13  3.30103403e-11
  -1.85141715e-10 -1.80014742e-15  8.27610768e-16  3.29214275e-05
  -2.45235289e-06 -1.40951661e-08  9.68566079e-10]
 [ 0.00000000e+00 -1.86411819e-12 -2.22179140e-13  3.30103403e-11
  -1.85141715e-10 -1.98016216e-15  9.01268127e-16  2.42421421e-05
  -1.80582349e-06 -1.26856495e-08  8.80514618e-10]
 [ 0.00000000e+00 -1.69465290e-12 -2.01981037e-13  2.40645381e-11
  -1.37708714e-10 -2.20018018e-15  1.10154993e-15  2.44870122e-05
  -1.80582349e-06 -1.55046827e-08  1.07618453e-09]
 [ 0.00000000e+00 -1.52518761e-12 -2.22179140e-13  2.40645381e-11
  -1.25189740e-10 -2.20018018e-15  9.10371845e-16  2.96292848e-05
  -2.69758818e-06 -1.40951661e-08  9.68566079e-10]]
